1 032006126 孙雪冰 0 1 0 0 0 1 1 0 0 0 0 0 1 0 0 0 0 0 0 0 
1 032006190 方韵潜 1 0 0 0 0 1 1 0 0 0 0 0 1 0 0 0 0 0 0 0 
1 032006186 马怡灵 1 0 0 0 0 0 0 0 0 0 0 0 1 0 0 1 0 0 0 1 
1 032006128 孙颖星 0 0 0 0 0 1 1 1 0 0 0 0 0 0 0 0 0 1 0 0 
1 032006189 赵竹林 0 0 0 0 0 0 0 0 1 0 0 0 0 0 0 0 1 0 1 1 
1 032006174 严王公 0 0 0 0 0 0 0 0 0 0 0 0 1 1 1 0 0 1 0 0 
1 032006149 孙陆 0 0 0 0 1 0 0 0 1 0 0 0 1 0 0 0 1 0 0 0 
1 032006143 张佳佳 0 0 0 0 0 0 0 0 0 0 0 0 1 1 0 0 0 0 1 1 
1 032006119 张欣怡 1 1 1 1 1 1 1 1 1 1 0 1 1 1 1 1 1 1 1 1 
1 032006171 张晓洋 1 1 1 1 1 1 1 1 1 1 1 1 1 1 1 1 1 1 1 1 
1 032006161 赵来景 1 1 1 1 1 1 1 1 1 1 0 1 1 1 1 1 1 1 1 1 
1 032006153 张可睿 1 1 1 1 1 1 1 1 1 1 1 1 1 1 1 1 1 1 1 1 
1 032006172 孙浚然 1 1 1 1 1 1 1 1 1 1 1 1 1 1 1 1 1 1 1 1 
1 032006103 李昭 1 1 1 1 1 1 1 1 1 1 1 1 1 1 1 1 1 1 0 1 
1 032006169 李树林 1 1 1 1 1 1 1 1 1 1 1 1 1 1 1 1 1 1 1 1 
1 032006151 赵玉江 1 1 1 1 1 1 1 1 1 1 1 1 1 0 1 1 1 1 1 1 
1 032006162 孙相奎 1 1 1 1 1 1 1 1 1 1 1 1 1 1 1 1 1 1 1 1 
1 032006177 方坤尧 1 1 1 1 1 1 1 1 1 1 1 1 1 1 1 1 1 1 1 1 
1 032006140 张逸文 1 1 1 1 1 1 1 1 1 1 1 1 1 1 1 1 1 1 1 1 
1 032006137 孙理忠 1 1 1 1 1 1 1 1 1 1 1 1 1 1 1 1 1 1 1 1 
1 032006134 赵鑫铭 1 1 1 1 1 1 0 1 1 1 1 1 1 1 1 1 1 1 1 1 
1 032006165 严丹倩 1 1 1 1 1 1 1 1 1 1 1 1 1 1 1 1 1 1 1 1 
1 032006176 严建淳 1 1 1 1 1 1 1 1 1 1 1 1 1 1 1 1 1 1 1 1 
1 032006154 孙军生 1 1 1 1 1 1 1 1 1 1 1 1 1 1 1 1 0 1 1 1 
1 032006112 严蔚蓉 1 1 1 1 1 1 1 1 1 1 1 1 1 1 1 1 1 1 1 1 
1 032006124 孙豫 1 1 1 1 1 1 1 1 1 1 1 1 1 1 1 1 1 1 1 1 
1 032006152 张苡馨 1 1 1 1 1 1 1 1 1 1 1 1 0 1 1 1 1 1 1 1 
1 032006160 严晨蓉 1 1 1 1 1 1 1 1 1 1 1 1 1 1 1 1 1 1 1 1 
1 032006181 严昱蓉 1 1 1 1 1 1 1 1 1 1 1 1 1 1 1 1 1 1 1 1 
1 032006108 张彩格 1 1 1 1 1 1 1 1 1 1 1 1 1 1 1 1 1 1 1 1 
1 032006120 孙漉 1 1 1 1 1 1 1 1 1 1 1 1 1 1 1 1 1 1 1 1 
1 032006173 孙鹏浩 1 1 1 1 1 1 1 1 1 1 1 1 1 1 1 1 1 1 1 0 
1 032006148 张圃 1 1 1 1 1 1 1 1 1 1 1 1 1 1 1 1 1 1 1 1 
1 032006118 严子涵 1 1 1 1 1 1 1 1 1 1 1 1 1 1 1 1 1 1 1 1 
1 032006170 孙凌云 1 1 1 1 1 1 1 1 1 1 1 1 1 1 1 1 1 1 1 1 
1 032006136 严居红 1 1 1 1 1 1 1 1 1 1 1 1 1 1 1 1 1 1 1 1 
1 032006156 孙俊平 1 1 1 0 1 1 1 1 1 1 1 1 1 1 1 1 1 1 1 1 
1 032006167 严祖胜 1 1 1 1 1 1 1 1 1 1 1 1 1 1 1 1 1 1 1 1 
1 032006145 张益波 1 1 1 1 1 1 1 1 1 1 1 1 1 1 1 1 1 1 1 1 
1 032006115 孙潇 1 1 1 1 1 1 1 1 1 1 1 1 1 1 1 1 1 1 1 1 
1 032006157 严依宁 1 1 1 1 1 1 1 1 1 1 1 1 1 1 1 1 1 1 1 1 
1 032006130 赵晨希 1 1 1 1 1 1 1 1 1 1 1 1 1 1 1 1 1 1 1 1 
1 032006147 方昱宁 1 1 1 1 1 1 1 1 1 1 1 1 1 1 1 1 1 1 1 0 
1 032006135 方伊琳 1 1 0 1 1 1 1 1 1 1 1 1 1 1 1 1 1 1 1 1 
1 032006133 李思霏 1 1 1 1 1 1 1 0 1 1 1 1 1 1 1 1 1 1 1 0 
1 032006179 赵山川 1 1 1 1 1 1 1 1 1 1 1 1 1 1 1 1 1 1 1 1 
1 032006155 赵莉 1 1 1 1 1 1 1 1 1 1 1 1 1 1 1 1 1 1 1 1 
1 032006164 孙科 1 1 1 1 1 1 1 1 1 1 1 1 1 1 1 0 1 1 1 1 
1 032006104 严悦蓉 1 1 1 1 1 1 1 1 1 1 1 1 1 1 1 1 1 1 1 1 
1 032006113 赵馨 1 1 1 1 1 1 1 1 1 1 1 1 1 1 1 1 1 1 1 1 
1 032006139 马灵儿 1 1 1 1 1 1 1 1 1 1 1 1 1 1 1 1 1 1 1 1 
1 032006144 张艺瀚 1 1 1 1 1 1 1 1 1 1 1 1 1 1 1 1 1 1 1 1 
1 032006175 方军山 1 1 1 1 1 1 1 0 1 1 1 1 1 1 1 1 1 1 1 1 
1 032006125 张祺康 1 1 1 1 1 1 1 1 1 1 1 1 1 1 1 1 1 1 1 1 
1 032006107 严梓瀚 1 1 1 1 1 1 1 1 0 1 1 1 1 1 1 1 1 1 1 1 
1 032006101 张亮 1 1 1 1 1 1 1 1 1 1 1 1 1 1 1 1 1 1 1 1 
1 032006159 严清浩 1 1 1 1 1 1 1 1 1 1 1 1 1 1 1 1 1 1 1 1 
1 032006132 李思涵 1 1 1 1 1 1 1 1 1 1 1 1 1 1 1 1 1 1 1 1 
1 032006109 严静文 1 1 1 1 1 1 1 1 1 1 1 1 1 1 1 1 1 1 1 1 
1 032006129 严晓晴 1 1 1 1 1 1 1 1 1 1 1 1 1 1 1 1 1 1 1 1 
1 032006168 方彬 1 1 1 1 1 1 1 1 1 1 1 1 1 1 1 1 1 1 1 1 
1 032006146 李浩 1 1 1 1 1 1 1 1 1 1 1 1 1 1 1 1 1 1 1 1 
1 032006116 严汪尉 1 1 1 1 1 1 1 1 1 1 1 1 1 1 1 1 1 1 1 1 
1 032006158 严丹艳 1 1 1 1 1 1 1 1 1 1 1 1 1 1 1 1 1 1 1 1 
1 032006127 孙煦 1 1 1 1 1 1 1 1 0 1 1 1 1 1 1 1 1 1 1 1 
1 032006182 严积章 1 1 1 1 1 1 0 1 1 1 1 1 1 1 1 1 1 1 1 1 
1 032006106 严澜心 1 1 1 1 1 1 1 1 1 1 1 1 1 1 1 1 1 1 1 1 
1 032006185 马静漪 1 1 1 1 1 1 1 1 1 1 1 1 1 1 1 1 1 1 1 1 
1 032006102 孙凤军 1 1 1 1 1 1 1 1 1 1 1 1 1 1 1 1 1 1 1 1 
1 032006111 严春俏 1 1 1 1 1 1 1 1 1 1 1 1 1 1 1 1 0 0 1 1 
1 032006117 严榕森 1 1 1 1 1 1 1 1 1 1 1 1 1 1 1 1 1 1 1 1 
1 032006150 严丹芹 1 1 1 1 1 1 1 1 1 1 1 1 1 1 1 0 1 1 0 1 
1 032006184 李子涵 1 1 1 1 1 1 1 1 1 1 1 1 0 1 1 1 1 1 1 1 
1 032006141 张彦鸣 1 1 1 1 1 1 1 1 1 1 1 1 1 1 1 1 1 1 1 1 
1 032006180 方泓锴 1 1 1 0 1 0 1 1 1 1 1 1 1 1 1 1 1 1 1 1 
1 032006183 严沛林 1 1 1 1 1 1 1 1 1 1 1 1 1 1 1 1 1 1 1 1 
1 032006138 孙艺娜 1 1 1 1 1 1 1 1 0 1 1 1 1 1 1 1 1 1 1 1 
1 032006178 严乐欧 1 1 1 1 1 1 1 1 1 1 1 1 1 1 1 1 1 1 1 1 
1 032006110 张群 1 1 1 0 1 1 1 1 1 1 0 1 1 1 1 1 1 1 1 1 
1 032006105 严圣铭 1 1 1 1 1 1 1 1 1 1 1 1 1 1 1 1 1 1 1 1 
1 032006121 孙凡淑 1 1 1 1 1 1 1 1 1 1 1 1 1 1 1 1 1 1 1 1 
1 032006142 严宇力 1 1 1 1 1 1 1 1 1 1 1 1 1 1 1 1 1 1 1 1 
1 032006123 赵英博 1 1 1 1 1 1 1 1 1 1 1 1 1 1 1 0 1 1 1 1 
1 032006114 赵鸿宇 1 1 1 1 1 1 1 1 1 1 1 1 1 1 1 1 1 1 1 1 
1 032006166 严锦浩 1 1 1 1 1 1 1 1 1 1 1 1 1 1 1 1 1 1 1 1 
1 032006187 马熠轩 1 1 1 1 1 1 1 1 1 1 1 1 1 1 1 1 1 1 0 1 
1 032006188 孙遥桐 1 1 1 1 1 1 1 1 1 1 1 1 1 1 1 1 1 1 1 1 
1 032006122 孙凯航 1 1 1 1 1 1 1 1 1 1 1 1 1 1 1 1 1 1 1 1 
1 032006131 孙雪梅 1 1 1 1 1 0 1 0 1 1 1 1 1 1 1 1 1 1 1 1 
1 032006163 孙伯严 1 1 1 1 1 1 1 1 1 1 1 1 1 1 1 1 1 1 1 1 
2 032006206 严荞 0 0 0 1 0 0 1 0 0 0 0 0 1 0 0 0 1 0 0 0 
2 032006215 张曼珂 0 0 0 0 1 0 0 0 0 1 0 0 1 0 0 0 1 0 0 0 
2 032006243 李奥 0 0 0 0 0 0 0 0 0 0 0 0 0 1 1 1 1 0 0 0 
2 032006271 张灵鸿 0 0 1 0 0 0 1 0 0 0 0 1 0 0 0 1 0 0 0 0 
2 032006195 赵红叶 0 0 1 0 0 0 0 0 0 0 0 0 0 1 0 1 0 0 0 1 
2 032006234 方梓霖 0 0 0 0 1 0 0 0 1 0 0 1 0 0 1 0 0 0 0 0 
2 032006217 严海倩 0 1 0 0 1 0 0 0 0 0 1 0 0 0 0 0 0 1 0 0 
2 032006275 方静 0 0 0 0 0 0 0 0 0 0 0 0 1 0 1 1 0 1 0 0 
2 032006270 严丹玲 1 1 1 1 1 1 1 1 1 1 1 1 1 1 0 1 1 1 1 1 
2 032006273 方毅龙 1 1 0 1 1 1 1 1 1 1 1 1 1 1 1 1 1 1 1 1 
2 032006268 张昀天 1 1 1 1 1 1 0 1 1 1 1 1 1 1 1 1 1 1 1 1 
2 032006267 孙西岳 1 1 1 1 1 1 1 1 1 1 1 1 1 1 1 1 1 1 1 1 
2 032006245 张乐玺 1 1 1 1 1 1 1 0 1 1 1 1 1 1 1 1 1 1 1 1 
2 032006221 孙荥珲 1 1 1 1 1 1 1 1 1 1 1 1 1 1 1 1 1 1 1 1 
2 032006254 张轲雯 1 1 1 1 1 1 1 1 1 1 1 1 1 1 1 1 1 1 1 1 
2 032006249 张凯洁 1 1 1 1 1 1 1 1 0 1 1 1 1 1 1 1 1 1 1 1 
2 032006236 赵程程 1 1 1 1 1 1 1 1 1 1 1 1 1 1 1 1 1 1 1 0 
2 032006239 张辉 0 1 1 1 1 1 1 1 1 1 1 1 1 1 1 1 1 1 1 1 
2 032006279 马玺晶 1 1 1 1 1 1 1 1 1 1 1 1 1 1 1 1 1 1 1 1 
2 032006272 孙歆然 1 1 1 1 1 1 1 1 1 1 1 1 1 1 1 1 1 1 1 1 
2 032006247 张煜洁 1 1 1 1 1 1 1 1 1 1 1 1 1 1 1 1 1 1 1 1 
2 032006277 赵春燕 1 1 1 1 1 1 1 1 1 1 1 1 1 1 1 0 1 1 1 1 
2 032006219 方梓健 1 0 1 1 0 1 1 1 1 1 1 1 1 1 1 1 1 1 1 1 
2 032006229 赵欷西 1 1 1 1 1 1 1 1 1 1 1 1 1 1 1 1 1 1 1 1 
2 032006203 赵鹏举 1 1 1 1 1 1 1 1 1 1 0 1 1 1 1 1 1 1 1 1 
2 032006194 赵杰 1 0 1 1 1 1 1 1 1 1 1 1 1 1 1 1 1 1 1 0 
2 032006261 孙泽杼 1 1 1 1 1 1 1 1 1 1 1 1 1 1 1 1 1 1 1 1 
2 032006237 严赵 1 1 1 1 1 1 1 1 1 1 1 1 1 1 1 1 1 1 1 1 
2 032006226 孙利民 1 1 1 1 1 1 1 1 1 1 1 1 1 1 1 1 1 1 0 1 
2 032006214 严靖谱 1 1 1 1 1 1 1 1 1 1 1 1 1 1 1 1 1 1 1 1 
2 032006240 张再赫 1 1 1 1 1 1 1 1 1 1 1 1 1 1 1 1 1 1 1 1 
2 032006253 孙菲彦 1 1 1 1 1 1 1 0 1 1 1 1 1 1 1 1 1 1 1 1 
2 032006220 马昭倩 1 1 1 1 1 1 1 1 1 1 1 1 1 1 1 1 1 1 1 1 
2 032006201 李旭东 1 1 1 1 1 1 1 1 1 1 1 1 1 1 1 1 1 1 1 1 
2 032006198 孙翔鸣 1 1 1 1 1 1 1 1 1 1 1 1 1 1 1 1 1 1 1 1 
2 032006232 赵一然 1 1 1 1 1 1 1 1 1 1 1 1 1 1 1 1 1 1 1 1 
2 032006238 马童欣 1 1 1 1 1 1 1 1 1 1 1 1 1 1 1 1 1 1 1 1 
2 032006257 赵乐 1 1 1 1 1 1 1 1 1 1 1 1 1 1 1 1 1 1 1 1 
2 032006248 严兮卉 1 1 1 1 1 1 1 1 1 1 1 1 1 1 1 1 1 1 1 1 
2 032006216 张鑫伟 1 1 1 1 1 1 1 1 1 1 1 1 1 1 1 1 1 1 1 1 
2 032006244 张轩宇 1 1 1 1 1 1 1 1 1 0 1 1 1 1 1 1 1 1 1 1 
2 032006280 严清 1 1 1 1 0 1 1 1 1 1 1 1 1 1 1 1 1 1 1 1 
2 032006213 严梓豪 1 1 1 1 1 1 1 1 1 1 1 1 1 1 1 1 1 1 1 1 
2 032006227 严小贞 1 1 1 1 1 1 1 1 1 1 1 1 1 1 1 1 1 1 1 1 
2 032006276 严浩然 1 1 1 1 1 1 1 1 1 1 1 1 1 1 1 1 1 0 1 1 
2 032006251 方子涵 1 1 1 1 1 1 1 1 1 1 1 1 1 1 1 1 1 1 1 1 
2 032006255 赵嘉琦 1 1 1 1 1 1 1 1 1 1 1 1 1 1 1 1 1 0 1 1 
2 032006233 严酉升 1 1 1 1 1 1 1 1 1 1 1 1 1 1 1 1 1 1 1 1 
2 032006228 严东森 1 1 1 1 1 1 1 1 1 1 1 1 0 1 1 1 1 1 1 1 
2 032006224 严汪涛 1 1 1 1 1 1 1 1 1 1 1 1 1 1 1 1 1 1 1 1 
2 032006192 方美莲 1 1 1 1 1 1 1 1 1 1 1 1 1 1 1 1 1 1 1 1 
2 032006252 严立国 1 1 1 1 1 1 1 1 1 1 1 1 1 1 1 1 1 1 1 1 
2 032006205 李旭阳 1 1 1 1 1 1 1 1 1 1 1 1 1 1 0 1 1 1 1 1 
2 032006230 严楚景 1 1 1 1 1 1 1 1 1 1 1 1 1 1 1 1 1 1 1 1 
2 032006223 李雪 1 1 1 1 1 1 1 1 1 1 1 1 1 1 1 1 1 1 1 1 
2 032006263 方煜彬 1 1 1 1 1 1 1 1 1 1 1 1 1 1 1 1 1 1 1 1 
2 032006241 孙涌 1 1 1 1 1 1 1 1 1 1 1 1 1 1 1 1 1 1 1 1 
2 032006222 马娉 1 1 1 1 1 1 1 1 1 1 1 1 1 1 1 1 1 1 1 1 
2 032006196 方俊英 1 1 1 1 1 1 1 1 1 1 1 1 1 1 1 1 1 1 1 1 
2 032006193 赵一璇 1 1 1 1 1 1 1 1 1 1 1 1 1 1 1 1 1 1 1 1 
2 032006191 马国新 1 1 1 1 1 1 1 0 1 1 1 1 1 1 1 1 1 1 1 1 
2 032006209 方诗睿 1 1 1 1 1 1 1 1 1 1 1 1 1 1 1 1 1 1 1 1 
2 032006278 赵子涵 1 1 1 1 1 1 1 1 1 1 1 1 1 1 1 1 1 1 1 1 
2 032006218 方佳旋 1 1 1 1 1 1 1 1 1 1 1 1 1 1 1 1 1 1 1 1 
2 032006259 严凡 0 1 1 1 1 1 1 1 1 1 1 1 1 1 1 1 1 1 1 1 
2 032006202 方雪妮 1 1 1 1 1 1 1 1 1 1 1 1 1 1 1 1 1 1 1 1 
2 032006269 张淑炅 1 1 1 1 1 1 1 1 1 1 1 1 1 1 1 1 1 0 1 1 
2 032006212 严彪 1 1 1 1 1 1 1 1 1 1 1 1 1 1 1 1 1 1 1 1 
2 032006207 李梓发 1 1 1 1 1 1 1 1 1 1 1 1 1 1 1 1 1 1 1 1 
2 032006246 严九香 1 1 1 1 1 1 1 1 1 1 1 1 1 1 1 1 1 1 0 1 
2 032006256 孙路铁 1 1 1 1 1 1 1 1 1 1 1 1 1 1 1 1 1 1 1 1 
2 032006264 张瀚为 1 1 1 1 1 1 1 1 1 1 1 1 1 1 1 1 1 1 1 1 
2 032006208 严小萍 1 1 1 1 1 1 1 1 1 1 1 1 0 1 1 1 1 1 1 1 
2 032006211 严之浩 1 1 1 1 1 1 1 1 1 1 1 1 1 1 1 1 1 1 1 1 
2 032006204 严珏妮 1 1 1 1 1 1 1 1 1 1 1 1 1 1 1 1 1 1 1 1 
2 032006265 孙瑞寅 1 1 1 1 1 1 1 1 1 1 1 1 1 1 1 1 1 1 1 1 
2 032006200 方佳 1 1 1 1 1 1 1 1 1 1 1 1 1 1 1 1 1 1 1 1 
2 032006197 李雨瞳 1 1 1 1 1 1 1 1 1 1 1 1 1 1 1 1 1 1 1 1 
2 032006225 严汪研 1 1 1 1 1 1 1 1 1 1 1 1 1 1 1 1 1 1 1 0 
2 032006274 严诗雯 1 1 1 1 1 1 1 1 1 1 1 1 1 1 1 1 1 1 1 1 
2 032006262 李锋 1 1 1 1 1 1 1 1 1 1 1 1 1 1 1 1 1 1 1 1 
2 032006266 严婷蔼 1 1 1 1 1 1 1 1 1 1 1 1 1 1 1 1 1 1 1 1 
2 032006258 方晓 1 1 1 1 1 1 1 1 1 1 1 1 1 1 1 1 1 1 1 1 
2 032006199 严晓倩 1 1 1 1 1 1 1 1 1 1 1 1 1 1 1 1 1 1 1 1 
2 032006210 张毛毛 1 1 1 1 0 1 1 1 1 0 1 1 1 1 1 1 1 1 0 1 
2 032006260 严彩施 1 1 1 1 1 1 1 1 1 1 1 1 1 1 1 1 1 1 1 1 
2 032006250 孙利强 0 1 1 1 1 1 1 1 1 1 1 1 1 0 1 1 1 1 1 1 
2 032006242 李振华 1 1 1 1 1 1 1 1 1 1 1 1 1 1 1 1 1 1 1 1 
2 032006235 马智冬 1 1 1 1 1 1 1 1 1 1 1 1 1 1 1 1 1 1 1 1 
2 032006231 严文绚 1 1 1 1 1 1 1 1 1 1 1 1 1 1 1 1 1 1 1 1 
3 032006281 张毅 0 0 0 0 0 0 0 0 1 1 1 1 0 0 0 0 0 0 0 0 
3 032006327 赵紫萱 1 0 0 0 0 0 0 0 0 0 1 0 1 0 0 0 1 0 0 0 
3 032006283 孙永江 0 0 0 0 1 1 0 1 0 0 0 0 0 0 0 0 0 1 0 0 
3 032006339 马料丰 0 0 0 0 0 1 0 0 0 1 0 0 0 0 0 0 1 1 0 0 
3 032006292 方书哲 0 0 0 0 1 0 1 0 1 0 0 0 0 0 0 1 0 0 0 0 
3 032006309 张凌荣 1 0 0 0 0 0 0 0 0 1 0 0 0 1 0 0 0 0 0 1 
3 032006360 李启菁 1 1 1 1 1 1 1 1 1 1 1 1 1 1 1 1 1 1 1 1 
3 032006353 严锦蓉 1 1 1 1 1 1 1 0 1 1 1 1 1 1 1 1 1 1 1 1 
3 032006288 方沁元 1 0 1 1 0 1 1 1 1 1 1 1 1 1 1 1 1 1 1 1 
3 032006365 张颖 1 1 1 1 1 1 1 1 1 1 1 1 1 1 1 1 1 1 1 1 
3 032006308 孙梦樱 1 1 1 1 1 1 1 1 1 1 0 1 1 1 1 1 1 1 1 1 
3 032006293 严小卿 1 1 1 1 1 1 1 1 1 1 1 1 1 1 1 1 1 1 1 1 
3 032006313 赵伟 1 1 1 1 1 1 1 1 1 1 1 1 1 1 1 1 1 1 1 1 
3 032006284 李雨涵 1 1 1 1 1 1 1 1 1 1 1 1 1 1 1 1 1 1 1 1 
3 032006333 李舒涵 1 1 1 1 1 1 1 1 1 1 1 1 1 1 1 1 1 1 1 1 
3 032006342 严子恒 1 1 1 1 1 1 1 1 1 1 1 1 1 1 1 1 1 1 1 1 
3 032006347 方亦飞 1 1 1 1 1 1 1 1 1 1 1 1 1 1 1 1 1 1 1 1 
3 032006334 严竣霖 0 1 1 1 1 1 1 1 1 1 1 1 1 1 1 1 1 1 1 1 
3 032006350 孙月 1 1 1 1 1 1 1 1 1 1 1 1 1 1 1 1 1 1 1 1 
3 032006311 张馨仪 1 1 1 1 1 1 1 1 1 1 1 1 1 1 1 1 1 1 1 1 
3 032006322 张予涵 1 1 1 1 1 1 1 1 1 1 1 1 1 1 1 1 1 1 1 1 
3 032006352 严彩语 1 1 1 1 1 1 1 1 1 1 1 1 1 1 1 1 1 1 1 1 
3 032006304 赵思恬 1 1 1 1 1 1 1 1 1 1 1 1 1 1 1 1 1 1 1 1 
3 032006348 李俊辉 1 1 1 1 1 1 1 1 1 1 1 1 1 1 1 1 1 1 1 1 
3 032006369 马政熙 1 1 1 1 1 1 1 1 1 1 1 1 1 0 1 1 1 1 1 1 
3 032006346 赵岚 1 1 1 1 1 1 1 1 1 1 1 1 1 1 1 1 1 1 1 1 
3 032006361 马光瑛 1 1 1 1 1 1 1 1 1 1 1 1 1 1 1 1 1 1 1 1 
3 032006312 马云波 1 1 1 1 0 1 1 1 1 1 1 1 1 1 1 1 1 1 1 1 
3 032006326 孙翠杰 1 1 1 1 1 1 1 1 1 1 1 1 1 1 1 1 1 1 1 1 
3 032006336 严小蓉 1 1 1 1 1 1 1 1 1 1 1 1 1 1 1 1 1 1 1 1 
3 032006287 马嫣 1 1 1 1 1 1 1 1 1 1 1 1 1 1 1 1 1 1 1 1 
3 032006286 赵红艳 1 1 1 1 1 1 1 1 1 1 1 1 1 1 1 1 1 1 1 1 
3 032006345 张冠晨 1 1 1 1 1 1 1 1 1 1 1 1 1 1 1 1 1 1 1 1 
3 032006359 孙贵杰 1 1 1 0 1 1 1 1 1 1 1 1 1 1 1 1 1 1 1 1 
3 032006295 严雅童 1 1 1 1 1 1 1 1 1 1 1 1 1 1 1 1 1 1 1 1 
3 032006320 马键豪 1 1 1 1 1 1 1 1 1 1 1 1 1 1 1 1 1 1 1 1 
3 032006303 孙桂兰 1 1 1 1 1 1 1 1 1 1 1 1 1 1 1 1 1 1 1 1 
3 032006341 赵阳 1 1 1 1 1 1 1 1 1 1 1 1 1 1 1 1 1 1 1 1 
3 032006317 张奕菲 1 1 1 1 1 1 1 1 1 1 1 1 1 1 1 1 1 1 1 1 
3 032006355 孙熙 1 1 1 1 1 1 1 1 1 1 1 1 1 1 1 1 1 1 0 1 
3 032006366 严添允 1 1 1 1 1 1 0 1 1 1 1 1 1 1 1 0 1 1 1 1 
3 032006354 赵秋萍 1 1 1 1 1 1 1 1 1 1 1 1 1 1 1 1 1 1 1 1 
3 032006315 严英绮 1 1 1 0 1 1 1 1 1 1 1 1 1 1 1 1 1 1 1 1 
3 032006356 李彩云 1 1 1 1 1 0 1 1 1 1 1 1 1 1 1 1 1 1 1 1 
3 032006330 马雅淳 1 1 1 1 1 1 1 1 1 1 1 1 1 1 1 1 1 1 1 1 
3 032006344 李钰 1 1 1 1 1 1 1 1 1 1 1 1 1 1 1 1 1 1 1 1 
3 032006298 张馨怡 1 1 1 1 1 1 1 1 1 1 1 1 1 1 1 1 1 1 1 1 
3 032006364 张鑫然 1 1 1 1 1 1 1 1 1 1 1 1 1 1 0 1 1 1 1 1 
3 032006294 孙淑雅 1 1 1 1 1 1 1 1 1 1 1 1 1 1 1 1 1 1 1 1 
3 032006324 严建昆 1 1 1 1 1 1 1 1 1 1 1 1 1 1 1 1 1 1 1 1 
3 032006351 孙霆 1 1 1 1 1 1 1 1 1 1 1 1 1 1 0 1 1 1 1 1 
3 032006370 严楷 1 1 1 1 1 1 1 1 1 1 1 1 1 1 1 1 1 1 1 1 
3 032006349 严小羽 1 1 1 1 1 1 1 1 1 1 1 1 1 1 1 1 1 1 1 1 
3 032006338 严汪翌 1 1 1 1 1 1 1 1 1 1 1 1 1 1 1 1 1 1 1 1 
3 032006297 马童 1 1 1 1 1 1 1 1 1 1 1 1 1 1 1 1 1 1 1 1 
3 032006285 李佳怡 1 1 1 1 1 1 1 1 1 1 1 1 1 1 1 1 1 1 1 1 
3 032006319 孙瑞哲 1 1 1 1 1 1 1 1 1 1 1 1 1 1 1 1 1 1 1 1 
3 032006332 马力泉 1 1 1 1 1 1 1 1 1 1 1 1 1 1 1 1 1 1 1 1 
3 032006318 张建军 1 1 1 1 1 1 1 1 1 1 1 1 1 1 1 1 1 1 1 1 
3 032006301 孙鹿瀚 1 1 1 1 1 1 1 1 1 1 1 1 1 1 1 1 1 1 1 1 
3 032006325 张秋苹 1 1 1 1 1 1 1 1 1 1 0 1 1 1 1 1 1 1 1 1 
3 032006357 张毅航 1 1 1 1 1 1 1 1 1 1 1 1 1 1 1 1 1 1 1 1 
3 032006290 李泽楷 1 1 1 1 1 1 1 0 1 1 1 1 1 1 1 1 1 1 1 1 
3 032006289 孙静宜 1 1 1 1 1 1 1 1 1 1 1 1 1 1 1 1 1 1 1 1 
3 032006363 严云杰 1 1 1 1 1 1 1 1 1 1 1 1 1 1 1 1 1 1 1 1 
3 032006331 张晶婧 1 1 1 1 1 1 1 1 1 1 1 1 1 1 1 1 1 1 1 0 
3 032006340 张羽涵 1 1 1 1 1 1 1 1 1 1 1 1 1 1 1 1 1 1 1 1 
3 032006296 严羽卓 1 0 1 1 1 1 1 1 1 1 1 1 1 1 1 1 1 1 1 1 
3 032006300 李涛 1 1 1 1 1 1 1 1 1 1 1 1 1 1 1 1 1 1 1 1 
3 032006337 方杰 1 1 1 1 1 1 1 1 1 1 1 1 1 1 0 1 1 1 1 1 
3 032006335 李金泽 1 1 1 1 1 1 1 1 1 1 1 1 1 1 1 1 1 1 1 1 
3 032006306 李勇 1 1 1 1 1 1 1 1 1 1 1 1 1 0 1 1 1 1 1 1 
3 032006328 孙明阳 1 1 1 1 1 1 1 1 1 1 1 1 1 1 1 1 1 1 1 1 
3 032006302 孙粼 1 1 1 1 1 1 1 1 1 1 1 1 1 1 1 1 1 1 1 1 
3 032006329 严苗 1 1 1 1 1 1 1 1 1 1 0 1 1 1 1 1 1 1 1 1 
3 032006323 严宇恒 1 1 1 1 1 1 1 1 1 1 1 1 1 1 1 1 1 1 1 1 
3 032006362 马腾龙 1 1 1 1 1 1 1 1 1 1 1 1 1 1 1 1 1 1 1 1 
3 032006368 孙晟杰 1 1 1 1 1 1 1 1 1 1 1 1 1 1 1 1 1 1 1 0 
3 032006316 马小冬 1 1 1 1 1 1 1 1 1 1 1 1 1 1 1 1 1 1 1 1 
3 032006305 孙佚宏 1 1 1 1 1 1 1 1 1 1 1 1 1 1 1 1 1 1 1 1 
3 032006282 严佩衣 1 1 1 1 1 1 1 1 1 1 1 1 1 1 1 1 1 1 1 1 
3 032006299 严循一 1 1 1 1 1 1 0 1 1 1 1 1 1 1 1 1 1 1 1 1 
3 032006291 严楚烨 1 1 1 1 1 1 1 1 1 1 1 1 0 1 1 1 1 1 1 1 
3 032006343 严翔 1 1 1 1 1 1 1 0 1 1 1 1 1 1 1 1 1 1 1 1 
3 032006310 严华玲 1 1 1 1 1 1 1 1 1 1 1 1 1 1 1 1 1 1 1 0 
3 032006321 严梓涵 1 1 1 1 1 1 1 1 1 1 1 1 1 1 1 1 1 1 1 1 
3 032006314 李怡然 0 1 1 1 1 1 1 1 1 1 1 1 1 1 1 1 1 1 1 1 
3 032006358 方正邪 1 1 1 1 1 1 1 1 1 1 1 1 1 1 1 1 1 1 1 1 
3 032006367 张君忆 1 1 1 1 1 1 1 1 1 1 1 1 0 1 1 1 1 1 1 1 
3 032006307 方凯霖 1 0 1 1 1 1 1 1 1 1 1 1 1 1 1 1 1 1 1 1 
4 032006432 孙颀林 1 0 1 0 0 0 0 0 0 1 0 0 0 0 0 1 0 0 0 0 
4 032006395 赵淑敏 1 0 0 0 0 0 0 0 0 0 0 1 0 0 0 0 1 1 0 0 
4 032006435 张灿灿 0 0 0 0 0 0 0 0 1 1 0 0 0 0 0 1 0 1 0 0 
4 032006406 孙肖露 0 1 0 0 0 0 0 0 0 0 1 0 1 0 0 0 0 1 0 0 
4 032006455 赵鑫宇 0 0 0 0 0 0 1 0 1 0 1 0 1 0 0 0 0 0 0 0 
4 032006400 严仕梅 0 0 1 0 1 0 0 0 1 0 0 0 0 1 0 0 0 0 0 0 
4 032006385 严巳宁 0 1 0 0 0 0 0 0 0 1 0 0 0 0 1 0 1 0 0 0 
4 032006380 李丽颖 1 1 1 1 1 1 1 1 1 1 1 1 1 1 1 1 1 1 1 1 
4 032006417 张育菘 1 1 1 1 1 1 1 0 1 1 1 1 1 1 1 1 1 1 1 1 
4 032006383 严欣兰 1 1 1 1 1 1 1 1 1 1 1 1 1 1 1 1 1 1 1 1 
4 032006445 方士乐 1 1 1 1 1 1 1 1 1 1 1 1 1 1 1 1 1 1 1 1 
4 032006458 方正 1 1 1 1 1 1 1 1 1 1 1 1 1 1 1 1 1 1 1 1 
4 032006378 严莉莉 1 1 1 1 1 1 1 1 1 1 1 1 1 1 1 1 1 1 1 1 
4 032006438 孙浩州 1 1 1 1 1 1 1 0 1 1 1 1 1 1 1 1 0 1 1 1 
4 032006386 赵珊珊 1 1 1 1 1 1 1 1 1 1 1 1 1 1 1 1 1 1 1 1 
4 032006393 赵嘉美 1 1 1 1 1 1 1 1 1 1 1 1 1 1 1 1 1 1 1 1 
4 032006381 严小谦 1 1 1 1 1 1 1 1 1 0 1 1 1 1 1 1 1 1 1 1 
4 032006441 李诗逸 1 1 1 1 1 1 1 1 1 1 1 1 1 1 1 1 1 1 1 1 
4 032006397 马湘 1 1 1 1 1 1 1 1 1 1 1 1 1 1 1 1 1 1 1 1 
4 032006379 孙旭燕 1 1 1 1 1 1 1 1 1 1 1 1 1 1 1 1 1 1 1 1 
4 032006418 严小宁 1 1 1 1 1 1 1 1 1 1 1 1 1 1 1 1 1 1 1 1 
4 032006439 赵芮婕 1 1 1 1 1 1 1 1 1 1 1 1 1 1 1 1 1 1 1 1 
4 032006459 孙燕评 1 1 1 1 1 1 1 1 1 1 1 1 1 1 1 1 1 1 1 1 
4 032006382 张诗晨 1 1 1 1 1 1 1 1 1 1 0 1 1 1 1 1 1 1 1 1 
4 032006427 孙煊栩 1 1 1 1 1 1 1 1 1 1 1 1 1 1 1 1 1 1 1 1 
4 032006371 张一凡 1 1 1 1 1 1 1 1 1 1 1 1 1 1 1 1 1 1 1 1 
4 032006450 严艺涵 1 1 1 1 1 1 1 1 1 1 1 1 1 1 1 1 1 1 1 1 
4 032006431 张慧 1 1 1 1 1 1 1 1 1 1 1 1 1 1 1 1 1 1 1 1 
4 032006396 严晓雅 1 1 1 1 1 1 1 1 1 1 1 1 1 1 1 1 1 1 0 1 
4 032006414 张熙媛 1 1 1 1 1 1 1 1 1 0 1 1 1 1 1 1 1 1 1 1 
4 032006372 张思远 1 1 1 1 1 1 1 1 1 1 1 1 1 1 1 1 1 1 1 1 
4 032006411 孙朵h 1 1 1 1 1 1 1 1 1 1 1 1 1 1 1 0 1 1 1 1 
4 032006398 张钰鑫 1 1 1 1 1 1 1 1 1 1 1 1 0 1 1 1 1 1 0 1 
4 032006457 张洛嘉 1 1 1 1 1 1 1 1 1 1 1 1 1 1 1 1 1 1 1 1 
4 032006449 张敏 1 1 1 1 1 1 1 1 1 1 1 1 1 1 1 1 1 1 1 1 
4 032006430 张林 1 1 1 1 1 1 1 1 1 1 1 1 1 1 1 1 1 1 1 1 
4 032006387 孙艳 1 1 0 1 1 1 1 1 1 1 1 1 1 1 1 1 1 1 1 1 
4 032006434 严庆红 1 1 1 1 1 1 1 1 1 1 1 1 1 1 1 1 0 1 1 1 
4 032006419 张奕轩 1 1 1 1 1 1 1 1 1 1 1 1 1 1 1 1 1 1 1 1 
4 032006390 孙修雨 1 1 1 1 1 1 1 1 1 1 1 0 1 1 1 1 1 1 1 1 
4 032006407 赵辰希 1 1 1 1 1 1 1 1 1 1 1 1 1 1 1 1 0 1 1 1 
4 032006377 张曼翎 1 1 1 1 1 1 1 1 1 1 1 1 1 1 1 1 1 1 1 1 
4 032006413 李丹 1 1 1 1 1 1 1 1 1 1 1 1 1 1 1 1 1 1 1 1 
4 032006410 赵智慧 1 1 1 1 1 1 1 1 1 1 1 1 1 1 1 1 1 1 1 1 
4 032006436 李娜 1 1 1 1 1 1 1 1 1 1 1 1 1 1 1 1 1 1 1 1 
4 032006404 孙凯楠 1 1 1 1 1 1 1 1 1 1 1 1 1 1 1 1 1 1 1 1 
4 032006412 赵英杰 1 1 1 1 1 1 1 1 1 1 1 1 1 1 1 1 1 1 1 1 
4 032006447 严妮 1 1 1 1 1 1 1 1 1 1 1 1 1 1 1 1 1 1 1 1 
4 032006428 严静娴 1 1 1 1 1 1 1 1 1 1 1 1 1 1 1 1 1 1 1 1 
4 032006451 张雅雯 1 0 1 1 1 1 1 1 1 1 1 1 1 1 1 1 1 1 1 1 
4 032006374 严明浩 1 1 1 1 1 1 1 1 1 1 1 1 1 1 1 1 1 0 1 1 
4 032006460 严宇轩 1 1 1 1 1 1 0 1 1 1 1 1 1 1 1 1 1 1 1 1 
4 032006394 严鹏 1 1 1 1 1 1 1 1 1 1 1 1 1 1 1 1 1 1 1 1 
4 032006402 严健丹 1 1 1 1 1 1 1 1 1 1 1 1 1 1 1 1 1 1 1 1 
4 032006443 李琳颖 1 1 1 1 1 1 1 1 1 1 1 1 1 1 1 1 1 1 1 1 
4 032006409 严举蓉 1 1 1 1 1 1 1 1 1 1 1 1 1 1 1 1 1 1 1 1 
4 032006389 方剑伟 1 1 1 1 1 1 1 1 1 1 1 1 1 1 1 1 1 1 1 1 
4 032006405 孙空次 1 1 1 1 1 1 1 1 1 1 1 1 1 1 1 1 1 1 1 1 
4 032006420 赵冬娜 1 1 1 1 1 1 1 1 1 1 1 1 1 1 1 0 1 1 1 1 
4 032006392 严美南 1 1 1 1 1 1 1 1 1 1 1 1 1 1 1 1 1 1 1 1 
4 032006423 方丽 0 1 1 1 1 1 1 1 1 1 1 1 1 1 1 1 1 1 1 1 
4 032006424 严汪延 1 1 1 1 1 1 1 1 1 1 1 1 1 1 1 1 1 1 1 1 
4 032006403 李一帆 1 1 1 1 1 1 1 1 1 1 1 1 1 1 1 1 1 0 1 1 
4 032006454 孙旭鹏 1 1 1 1 1 1 1 1 1 1 1 1 1 1 1 1 1 1 1 1 
4 032006442 孙国君 1 1 1 1 1 1 1 1 1 1 1 1 1 1 1 1 1 1 1 1 
4 032006375 方瑜 1 1 1 1 1 1 1 1 1 1 1 1 1 1 1 1 1 1 1 1 
4 032006456 严红霞 1 1 1 1 1 1 1 1 1 1 1 1 1 1 1 1 1 1 1 1 
4 032006376 赵萍 1 1 1 1 1 1 1 0 1 1 1 1 1 1 1 1 1 1 1 1 
4 032006401 严卓立 1 1 1 1 1 1 1 1 1 1 1 1 1 1 1 1 1 1 1 1 
4 032006391 赵磊 1 1 1 1 1 1 1 1 1 1 1 1 1 1 1 1 1 0 1 1 
4 032006416 张亦苒 1 1 1 1 1 1 1 1 1 1 1 1 1 1 1 1 1 1 1 1 
4 032006373 张驰 1 1 1 1 1 1 1 1 1 1 1 1 1 1 1 1 1 1 1 1 
4 032006421 孙仲海 1 1 1 1 1 1 1 1 1 1 1 1 1 1 1 1 1 1 1 1 
4 032006399 严舜厶 1 1 1 1 1 1 1 1 1 1 1 1 1 1 1 1 1 1 1 1 
4 032006446 严楚清 1 1 1 1 1 1 1 1 1 1 1 1 1 1 1 1 1 1 1 1 
4 032006444 孙逸晨 1 1 1 1 1 1 1 1 1 1 1 1 1 1 1 1 1 1 1 1 
4 032006384 马诗茹 1 1 1 1 1 1 1 1 1 1 1 1 1 1 1 1 1 1 1 1 
4 032006388 孙桂华 1 1 1 1 1 1 1 1 1 1 1 1 1 1 0 1 1 1 1 1 
4 032006408 马金林 1 1 1 1 1 1 1 1 1 1 1 1 1 1 1 1 1 1 1 1 
4 032006437 张楠 1 1 1 1 1 1 1 1 1 1 1 1 1 1 1 1 1 1 1 1 
4 032006448 李婧妍 1 1 1 1 1 1 1 1 1 1 1 1 1 1 1 1 1 1 1 1 
4 032006426 马哲胤 1 1 1 1 1 1 1 1 1 1 1 1 1 1 1 0 1 1 1 1 
4 032006422 孙藜娟 1 1 1 1 1 1 1 1 1 1 1 1 1 1 1 1 1 1 1 1 
4 032006415 孙佳澳 1 1 1 1 1 1 1 1 1 1 1 1 1 1 1 1 1 1 1 1 
4 032006453 孙晓欣 1 1 1 1 1 1 1 1 1 1 1 1 1 1 1 1 1 1 1 1 
4 032006429 马逸茏 1 1 1 1 1 1 1 1 1 1 1 1 1 1 1 1 1 1 1 1 
4 032006440 严静蓉 1 1 1 1 1 1 1 1 1 1 1 1 1 1 1 1 1 1 1 1 
4 032006433 李果果 1 1 1 1 1 1 1 1 1 1 1 1 1 1 1 1 1 1 1 1 
4 032006452 赵煜婷 1 1 0 1 1 1 1 1 1 1 1 1 1 1 1 1 1 1 1 1 
4 032006425 孙海根 1 1 1 1 1 1 1 1 1 1 1 1 1 1 1 1 1 1 1 1 
5 032006509 孙倾星 1 0 0 0 0 0 0 0 0 0 1 0 1 0 0 1 0 0 0 0 
5 032006514 李宜轩 0 0 1 0 0 0 0 0 1 1 0 0 0 0 0 1 0 0 0 0 
5 032006496 孙神泽 0 0 1 0 0 0 1 0 0 1 1 0 0 0 0 0 0 0 0 0 
5 032006472 张岩 0 0 0 1 0 0 0 0 0 0 0 0 0 1 1 0 0 0 1 0 
5 032006545 张贝莹 0 0 0 0 1 1 0 1 0 0 0 0 0 0 0 0 0 0 0 1 
5 032006547 严雨芳 0 0 0 1 0 1 0 0 0 0 0 0 0 1 0 0 0 0 0 1 
5 032006467 马佳琦 0 1 0 0 0 0 1 1 0 0 1 0 0 0 0 0 0 0 0 0 
5 032006497 张梓萱 1 1 1 1 1 1 1 1 1 1 1 1 1 1 1 1 1 1 1 1 
5 032006518 马阡馨 1 1 1 1 1 1 1 1 1 1 1 1 1 1 1 1 1 1 1 0 
5 032006493 孙茂林 1 1 1 1 1 0 1 1 1 1 1 1 1 1 1 1 1 1 1 1 
5 032006478 张雨生 1 1 1 1 1 1 1 1 1 1 1 1 1 1 1 1 1 1 1 1 
5 032006511 方南为 1 1 1 1 1 1 1 1 1 1 1 1 1 1 1 1 1 1 1 1 
5 032006474 方慧林 1 1 1 1 1 1 1 1 1 1 1 1 1 1 1 1 1 1 1 1 
5 032006530 严文琳 1 1 1 1 1 1 1 1 1 1 0 1 1 0 1 1 1 1 1 1 
5 032006485 严建浩 1 1 1 1 1 1 1 1 1 1 1 0 1 1 1 1 1 1 1 1 
5 032006534 赵心如 1 1 1 1 1 1 1 1 1 1 1 1 1 1 1 1 1 1 1 1 
5 032006549 张煜颉 1 1 1 1 1 1 1 1 1 1 1 1 1 1 1 1 1 1 1 1 
5 032006529 方茹梦 1 1 1 1 1 1 1 1 1 1 1 1 1 1 1 1 1 1 1 1 
5 032006482 孙梦轩 1 1 1 1 1 1 1 1 1 1 1 1 1 1 1 1 1 1 0 1 
5 032006461 孙俊林 1 1 1 1 1 1 1 1 1 1 1 1 1 1 1 1 1 1 1 1 
5 032006517 马可欣 1 1 1 1 1 1 1 1 1 1 1 1 1 1 1 1 1 1 1 1 
5 032006466 马伟 1 1 1 1 1 1 1 1 1 1 1 1 1 1 1 1 1 1 1 1 
5 032006537 严晓岩 1 1 1 1 1 1 1 1 1 1 1 0 1 1 1 1 1 1 0 1 
5 032006500 孙睦尧 1 1 1 1 1 1 1 1 1 1 1 1 1 1 1 1 1 1 1 1 
5 032006540 张西禾 1 1 1 1 1 1 1 1 1 1 1 1 1 1 1 1 1 1 1 1 
5 032006536 孙永 1 1 1 1 1 1 1 1 1 1 1 1 1 1 1 1 1 1 1 1 
5 032006510 张灏 1 1 1 1 1 1 1 1 1 1 1 1 1 1 1 1 1 1 1 1 
5 032006486 李悦 1 0 1 1 1 1 1 1 1 1 1 1 1 1 1 1 1 1 1 1 
5 032006546 马凡星 1 1 1 1 1 1 1 1 1 1 1 1 1 1 1 1 1 1 1 1 
5 032006481 张旭菲 1 1 1 1 1 1 1 1 1 1 1 0 1 1 1 1 1 1 1 1 
5 032006531 严晓丹 1 1 1 1 1 1 1 1 1 1 1 1 1 1 1 1 1 1 1 1 
5 032006548 孙雨希 1 1 1 1 1 1 1 1 1 1 1 1 1 1 1 1 1 1 1 1 
5 032006479 赵欣 1 1 1 1 1 1 1 1 1 1 1 1 1 1 1 1 1 1 1 1 
5 032006473 马艺冉 1 1 1 1 1 1 1 1 1 1 1 1 1 1 1 1 1 1 1 1 
5 032006475 方建伟 1 1 1 1 1 1 1 1 1 1 1 1 1 1 1 1 1 1 1 1 
5 032006465 严政 1 1 1 1 1 1 1 1 1 1 1 1 1 1 1 1 1 1 1 1 
5 032006528 张坤 1 1 1 1 1 1 1 1 1 1 1 1 1 1 1 1 1 1 1 0 
5 032006522 孙佳佳 1 1 1 1 1 1 1 1 1 1 1 1 1 1 1 1 1 1 1 1 
5 032006491 严诗佟 1 1 1 1 1 1 1 1 1 1 1 1 1 1 1 0 1 1 0 1 
5 032006541 孙国华 1 1 1 1 1 1 1 1 1 1 1 1 1 1 1 1 1 1 1 1 
5 032006513 马哲彬 1 1 1 1 1 1 1 1 1 1 1 1 1 1 1 1 1 1 1 1 
5 032006488 张筱涵 1 1 1 1 1 1 1 1 1 1 1 1 1 1 1 1 1 1 1 1 
5 032006483 方芳 1 1 1 1 1 1 1 1 1 1 1 1 1 1 1 1 1 1 1 1 
5 032006484 孙铁乱 1 1 1 1 1 1 1 1 1 1 1 1 1 1 1 1 1 1 1 1 
5 032006464 张伟洁 1 1 1 1 1 1 1 1 0 1 1 1 1 1 1 1 1 1 1 1 
5 032006489 赵宏宇 0 1 1 1 1 1 1 1 1 1 1 1 1 1 1 1 1 0 1 1 
5 032006508 严俊琪 1 1 1 1 1 1 1 1 1 0 1 1 1 1 1 1 1 1 1 1 
5 032006487 严仕华 1 1 1 1 1 1 1 1 1 1 1 1 1 1 1 1 1 1 1 1 
5 032006526 赵祥龙 1 1 1 1 1 1 1 1 1 1 1 1 1 1 1 1 1 1 1 1 
5 032006523 李雅晴 1 1 1 1 1 1 1 1 1 1 1 1 1 1 1 1 1 1 1 1 
5 032006477 严丹雅 1 0 1 1 1 0 1 1 1 1 1 1 1 1 1 1 1 1 1 1 
5 032006525 李宇春 1 1 1 1 1 1 1 1 1 1 1 1 1 1 1 1 1 1 1 1 
5 032006535 李钢 1 1 1 1 1 1 1 1 1 1 1 1 1 1 1 1 1 1 1 1 
5 032006539 孙际长 1 1 1 1 1 1 1 1 1 1 1 1 1 1 1 1 1 0 1 1 
5 032006532 孙晟跃 1 1 1 1 1 1 1 1 1 1 1 1 1 0 1 1 1 1 1 1 
5 032006533 方昭为 1 1 1 1 1 1 1 1 1 1 1 1 1 1 1 1 1 1 1 1 
5 032006494 严诗茜 1 1 1 1 1 1 1 1 1 1 1 1 1 1 1 1 1 1 1 1 
5 032006480 张泽琪 0 1 1 1 1 1 1 1 1 1 1 1 0 1 1 1 1 1 1 1 
5 032006527 李洪波 1 1 1 1 1 1 1 1 1 1 1 1 1 1 1 1 0 1 1 1 
5 032006507 李晓菲 1 1 1 1 1 1 1 1 1 1 1 1 1 1 1 1 1 1 1 1 
5 032006495 严浩 1 1 1 1 1 1 1 1 1 1 1 1 1 1 1 1 1 1 1 1 
5 032006550 李文豪 1 1 1 1 1 1 1 1 1 1 1 1 1 1 1 1 1 1 1 1 
5 032006505 孙玮霆 1 1 1 1 1 1 1 1 1 1 1 1 1 1 1 1 1 1 1 1 
5 032006490 孙樱坪 1 1 1 1 1 1 1 1 1 1 1 1 1 1 1 1 1 1 1 1 
5 032006506 马晶 1 1 1 1 1 1 1 0 1 1 1 1 1 1 1 1 1 1 1 1 
5 032006468 赵文杰 1 1 1 1 1 1 1 1 1 1 1 1 1 1 1 1 1 1 1 1 
5 032006524 张华 1 1 1 1 1 1 1 1 1 1 1 1 1 1 1 1 1 1 1 1 
5 032006544 方煜祥 1 1 1 1 1 1 1 1 1 1 1 1 1 1 1 1 1 1 1 1 
5 032006520 严钦平 1 1 1 1 1 1 1 1 1 1 1 1 1 1 1 1 1 1 1 1 
5 032006471 严芳童 1 1 1 1 1 1 1 1 1 1 1 1 1 1 1 1 1 1 1 1 
5 032006470 严奕翔 1 1 1 1 1 1 1 1 1 1 1 1 1 1 1 1 1 1 1 1 
5 032006502 孙王 1 1 1 1 1 1 1 1 1 0 1 1 1 1 1 1 1 1 1 1 
5 032006542 孙黎静 1 1 1 1 1 1 1 1 1 1 1 1 1 1 1 1 1 1 1 1 
5 032006543 李柯欣 1 1 1 1 1 1 1 1 1 0 1 1 1 1 1 1 1 1 1 1 
5 032006512 孙鸟鑫 1 1 1 1 1 1 1 1 1 1 1 1 1 1 1 1 1 1 1 1 
5 032006515 严语琴 0 1 1 1 1 1 1 1 1 1 1 1 1 1 0 1 1 1 1 1 
5 032006519 孙萁瑶 1 1 1 1 1 1 1 1 1 1 1 1 1 1 1 1 1 1 1 1 
5 032006492 严承启 1 1 1 1 1 1 1 1 1 1 1 1 1 1 1 1 1 1 1 1 
5 032006499 严建灏 1 1 1 1 1 1 1 1 1 1 1 1 1 1 1 1 1 1 1 1 
5 032006469 方涛 1 1 1 1 1 1 1 1 1 1 1 1 1 1 1 1 1 1 1 1 
5 032006476 方一淇 1 1 1 1 1 1 1 1 1 1 1 1 0 1 1 1 1 1 1 1 
5 032006463 方玉华 1 1 1 1 1 1 1 1 1 1 1 1 1 1 1 1 1 1 1 1 
5 032006462 张倩文 1 1 1 1 1 1 1 1 1 1 1 1 1 1 1 1 1 1 1 1 
5 032006538 严汪弈 1 1 1 1 1 1 1 1 1 1 1 1 1 1 1 1 1 1 1 1 
5 032006501 孙菡林 1 1 1 1 1 1 1 1 1 1 1 1 1 1 1 1 1 1 1 1 
5 032006503 张力弘 1 1 1 1 1 1 1 1 1 1 1 1 1 1 1 1 1 1 1 1 
5 032006516 孙闯 1 1 1 1 1 1 1 1 1 1 1 1 1 1 1 1 1 1 1 1 
5 032006498 赵津 1 1 1 1 1 1 1 1 1 1 1 1 1 1 1 1 1 1 1 1 
5 032006521 孙言盈 1 1 1 1 1 1 1 1 1 1 1 1 1 1 1 1 1 0 1 1 
5 032006504 李想 1 1 1 1 1 1 1 1 1 1 1 1 1 1 1 1 1 1 1 1 
