1 032006101 李青 0 1 0 0 0 0 0 0 0 0 1 0 0 1 0 0 0 0 1 0 
1 032006150 方坤尧 0 0 0 0 0 0 0 0 0 1 0 1 0 0 0 0 1 0 1 0 
1 032006164 方瀚铭 0 0 0 1 0 0 0 0 0 0 1 0 0 0 0 0 1 1 0 0 
1 032006134 张曼珂 1 1 0 0 0 0 1 1 0 0 0 0 0 0 0 0 0 0 0 0 
1 032006186 马逸茏 0 0 1 0 0 0 1 0 0 0 1 0 1 0 0 0 0 0 0 0 
1 032006110 张洛嘉 0 1 0 0 0 0 0 0 0 0 0 0 0 0 1 0 0 0 1 1 
1 032006124 李彩云 1 1 1 1 1 1 1 1 1 1 1 1 1 1 1 1 1 1 1 1 
1 032006153 李一帆 1 1 1 1 1 1 1 1 1 1 1 1 1 1 1 1 1 1 1 1 
1 032006102 孙百涵 1 1 1 1 1 1 1 1 1 1 1 1 1 1 1 1 1 1 1 1 
1 032006171 张峥 1 1 1 1 1 1 1 1 1 1 1 1 1 1 1 1 1 1 1 1 
1 032006188 严艺涵 1 1 1 1 1 1 1 1 1 1 1 1 1 1 1 1 1 1 1 1 
1 032006178 方一诺 1 1 1 1 1 1 1 1 1 1 1 1 1 0 1 1 1 1 1 1 
1 032006148 严月艳 1 1 1 1 1 1 1 1 1 1 1 1 1 1 1 1 1 1 1 1 
1 032006139 严可琳 1 1 1 1 1 1 1 1 1 1 1 1 1 1 1 1 1 1 1 1 
1 032006176 赵思恬 1 1 1 1 1 1 1 1 1 1 1 1 1 1 1 1 1 1 1 1 
1 032006103 孙涌 1 1 1 1 1 1 1 1 1 1 1 1 1 1 1 1 1 1 1 1 
1 032006123 李涛 1 1 1 1 1 1 1 1 1 1 1 1 1 1 1 1 1 1 1 1 
1 032006117 李文豪 1 1 1 0 1 1 1 1 1 1 1 1 1 1 1 1 1 1 1 1 
1 032006136 孙诗雨 1 1 1 1 1 1 1 1 1 1 1 1 1 1 0 1 1 1 1 1 
1 032006185 方梓霖 1 1 1 1 1 1 1 1 1 1 1 1 1 1 1 1 1 1 1 1 
1 032006144 孙泽石 1 1 1 1 1 1 1 1 1 1 1 1 1 1 1 1 1 1 1 1 
1 032006189 孙钰婉 1 1 1 1 1 1 1 1 1 1 1 1 1 1 1 1 1 1 1 1 
1 032006105 赵利安 1 1 1 1 1 1 1 1 1 1 1 1 1 1 1 1 1 1 1 1 
1 032006109 严庆红 1 1 1 1 1 1 1 1 1 1 1 1 1 1 1 1 1 1 1 1 
1 032006141 严凡 1 1 1 1 1 1 1 1 1 1 1 1 1 1 1 1 1 1 1 1 
1 032006146 方梅 1 1 1 1 1 0 1 1 1 1 1 1 1 1 1 1 1 1 1 0 
1 032006157 方佳 1 1 1 1 1 0 1 1 1 1 1 1 1 1 1 1 1 1 1 1 
1 032006130 孙睦尧 1 1 1 1 1 1 1 1 1 1 1 1 1 1 1 1 1 1 1 1 
1 032006131 严酉升 1 1 1 1 1 1 1 1 1 1 1 1 1 1 1 1 1 0 1 1 
1 032006158 严海倩 1 1 1 1 1 1 1 1 1 1 1 1 1 1 1 1 1 1 0 1 
1 032006168 张伟 1 0 1 1 1 1 1 1 1 1 1 1 1 1 1 1 1 1 1 1 
1 032006182 张轩宇 1 0 1 1 0 1 1 1 1 1 1 1 1 1 1 1 1 1 1 1 
1 032006149 李昭 1 1 1 1 1 1 1 1 1 1 1 0 1 1 1 1 1 1 1 1 
1 032006138 孙空次 1 1 1 1 1 1 1 1 1 1 1 1 1 1 1 1 1 1 1 1 
1 032006166 严立国 1 1 0 1 1 1 1 1 1 1 1 1 1 1 1 1 1 1 1 1 
1 032006132 严仕梅 1 1 1 1 1 1 1 1 1 1 1 1 1 1 1 1 1 1 1 1 
1 032006181 赵翊铭 1 1 1 1 1 1 1 1 1 1 1 1 1 1 1 1 1 1 1 1 
1 032006125 方明 1 1 1 1 1 1 1 1 1 1 1 1 1 1 1 1 1 1 1 1 
1 032006183 严梓涵 1 1 1 1 1 1 1 1 1 1 1 1 1 1 1 1 1 1 1 1 
1 032006173 严政 1 1 1 1 1 1 1 1 1 1 1 1 1 1 1 1 1 1 1 1 
1 032006151 孙晓欣 1 1 1 1 1 1 1 1 1 1 1 1 1 1 1 1 1 1 1 1 
1 032006119 张轲雯 1 1 1 1 1 1 1 1 1 1 1 1 1 1 1 1 1 1 1 1 
1 032006187 严美南 1 1 1 1 1 0 1 1 1 1 1 1 1 1 1 1 1 1 1 1 
1 032006152 严晨蓉 1 1 1 1 1 1 1 1 1 1 1 1 1 1 1 1 1 1 1 1 
1 032006167 严祖胜 1 1 1 1 1 1 1 1 1 1 1 0 1 1 1 1 1 1 1 1 
1 032006155 马艺珊 1 1 0 1 1 1 1 1 1 0 0 1 1 1 1 1 1 1 1 1 
1 032006174 张晶婧 1 1 1 1 1 1 1 1 1 1 1 1 1 1 1 1 1 1 1 1 
1 032006169 张育菘 1 1 1 1 1 1 1 1 1 1 1 1 1 1 1 1 1 1 1 1 
1 032006159 方皓铭 1 1 1 1 1 1 1 1 1 1 1 1 1 1 1 1 1 1 1 1 
1 032006118 严稀 1 1 1 1 1 1 1 1 1 1 1 1 1 1 1 1 1 1 1 1 
1 032006177 李前进 1 1 1 1 1 1 1 1 1 1 1 1 1 1 1 1 1 1 1 1 
1 032006156 孙王 1 1 1 1 1 1 1 1 1 1 1 1 1 1 1 1 1 1 1 1 
1 032006137 马童 1 1 1 1 1 1 1 1 1 1 1 1 1 1 1 1 1 1 1 1 
1 032006180 李鹏 1 1 1 1 1 1 1 1 1 1 1 1 1 1 1 1 1 1 1 1 
1 032006190 李晗曦 1 1 1 1 0 1 1 1 1 1 1 1 1 1 1 1 1 1 1 1 
1 032006154 孙佳佳 1 1 1 1 1 1 1 1 1 1 1 1 1 1 1 1 1 1 1 1 
1 032006135 严宇轩 1 1 1 1 1 1 1 1 1 1 1 1 1 1 1 1 1 1 1 1 
1 032006129 马文明 1 1 1 1 1 1 1 1 1 1 1 1 1 1 0 1 1 1 1 1 
1 032006170 马灵儿 1 1 1 1 1 1 1 1 1 1 1 1 1 1 1 1 1 1 1 1 
1 032006113 张祺康 1 1 1 1 1 1 1 1 1 1 1 1 1 1 1 1 1 1 1 1 
1 032006184 方芳 0 1 1 1 1 1 1 1 1 1 1 1 1 1 1 1 1 1 1 1 
1 032006115 赵柯雄 1 1 1 1 1 1 1 1 1 1 1 1 1 1 1 1 1 1 1 1 
1 032006143 严蓉蓉 1 1 1 1 1 1 1 1 1 1 1 1 1 1 1 0 1 1 1 1 
1 032006121 方淑怡 1 1 1 1 1 1 1 1 1 1 1 1 1 0 1 1 1 1 1 1 
1 032006145 孙佳澳 1 1 1 1 1 1 1 1 1 1 1 1 1 1 1 1 0 1 1 1 
1 032006104 张淑炅 1 1 1 1 1 1 1 1 1 1 1 1 1 1 1 1 1 1 1 1 
1 032006126 严澜心 1 1 1 1 1 1 1 1 1 1 1 1 1 1 1 1 1 1 1 1 
1 032006108 赵子怡 1 1 1 0 1 1 1 1 1 1 1 1 1 1 1 1 1 1 1 1 
1 032006127 严汪禹 1 1 1 1 1 1 1 1 1 1 1 1 1 1 1 1 1 1 1 1 
1 032006111 赵凯 1 1 1 1 1 1 1 1 1 1 1 1 1 1 1 1 1 1 1 1 
1 032006160 赵伟 1 1 1 1 1 1 1 1 1 1 1 1 1 1 1 1 1 1 1 1 
1 032006140 张艳婷 1 1 1 1 1 1 1 1 1 1 1 1 1 0 1 1 1 1 1 1 
1 032006179 严居红 1 1 1 1 1 1 1 1 1 1 1 1 1 1 0 1 1 1 1 1 
1 032006133 孙永江 1 1 1 1 1 1 1 1 1 1 1 1 1 1 1 1 1 1 1 0 
1 032006162 孙晓烨 1 1 1 1 1 1 1 1 1 1 1 1 1 1 1 1 1 1 1 1 
1 032006107 孙淑雅 1 1 1 1 1 1 1 1 1 1 1 1 1 1 1 1 1 1 1 1 
1 032006114 赵昕 1 1 1 1 1 1 1 0 1 1 1 1 1 1 1 1 1 1 1 1 
1 032006120 李泽轩 1 1 1 1 1 1 1 1 1 1 1 1 1 1 1 1 1 1 1 0 
1 032006106 严羽宁 1 1 1 1 1 1 1 1 1 1 1 1 1 1 1 1 1 1 1 1 
1 032006116 张冠晨 1 1 1 1 1 1 1 1 1 1 1 1 1 1 1 1 1 1 1 1 
1 032006163 方火华 1 1 1 1 1 1 1 1 1 1 1 1 1 1 1 1 1 1 1 1 
1 032006161 方朝 1 1 1 1 1 1 1 1 0 1 1 1 1 1 1 1 1 1 1 1 
1 032006147 张兮然 1 1 0 1 1 1 1 1 1 1 1 1 1 1 1 1 1 1 1 1 
1 032006172 严雅清 1 1 1 1 1 1 1 1 1 1 1 1 1 1 1 1 1 1 1 1 
1 032006165 赵鑫铭 1 1 1 1 1 1 1 1 1 1 1 1 1 1 1 1 1 1 1 1 
1 032006112 孙梦樱 1 1 1 1 1 1 1 1 1 1 1 1 1 1 1 1 1 1 1 1 
1 032006128 李勇 1 1 1 1 1 1 1 1 1 1 1 1 1 1 1 1 1 1 1 1 
1 032006142 严楷 1 1 1 1 1 1 1 1 1 1 1 1 1 1 1 1 1 1 1 1 
1 032006122 孙枫 1 1 1 1 1 1 1 1 1 1 1 1 1 1 1 1 1 1 1 1 
1 032006175 李锋 1 1 1 1 1 1 1 1 1 1 1 1 1 1 1 1 1 1 1 1 
2 032006252 严晓倩 1 0 0 1 0 0 0 0 1 0 0 0 0 0 0 0 1 0 0 0 
2 032006237 孙筠敏 0 0 0 0 0 0 1 0 0 0 0 1 1 0 0 0 0 1 0 0 
2 032006233 张梓桐 0 0 1 0 1 0 0 0 0 0 0 0 0 0 0 0 0 1 0 1 
2 032006228 方正 0 0 1 0 1 0 1 0 0 0 0 0 1 0 0 0 0 0 0 0 
2 032006247 孙涛 1 0 1 1 0 0 0 0 0 0 0 0 0 0 0 0 1 0 0 0 
2 032006251 赵莉 0 0 0 1 0 0 0 0 0 0 0 0 1 1 0 0 0 0 0 1 
2 032006230 方剑伟 0 0 0 0 1 0 0 0 1 0 0 1 1 0 0 0 0 0 0 0 
2 032006225 孙路铁 0 0 0 0 1 0 0 1 0 0 0 1 0 0 0 0 0 1 0 0 
2 032006217 孙海凤 1 1 1 1 1 1 1 1 1 1 1 1 1 1 1 1 1 1 1 1 
2 032006205 严王公 1 1 1 1 1 1 1 1 1 1 1 1 1 1 1 1 1 1 1 1 
2 032006198 孙俊平 1 1 1 1 1 1 1 1 1 1 1 1 1 1 1 1 1 1 1 1 
2 032006193 孙倾星 1 1 1 1 1 1 1 1 1 0 1 1 1 1 1 1 1 1 1 1 
2 032006212 孙煦 1 1 1 1 1 1 1 1 1 1 1 1 1 1 1 1 1 1 1 1 
2 032006201 李昀泽 1 1 1 1 1 1 1 1 1 1 1 1 1 1 1 1 1 1 1 1 
2 032006215 李曦昱 1 1 1 1 1 1 1 1 1 1 1 1 1 1 1 1 1 1 1 1 
2 032006238 方书哲 1 1 1 1 1 1 1 1 1 1 1 1 1 1 1 1 1 1 1 1 
2 032006229 张筱涵 1 1 1 1 1 1 1 1 1 1 1 1 1 1 1 1 1 1 1 1 
2 032006236 张秋苹 1 1 1 1 1 1 1 1 1 1 1 1 1 0 1 1 1 1 1 1 
2 032006279 赵红叶 1 1 1 1 1 1 1 1 1 1 1 1 1 1 1 1 1 1 1 1 
2 032006203 严汪涛 1 1 1 1 1 1 1 1 1 1 1 1 1 1 1 1 1 1 1 1 
2 032006218 李佳怡 1 1 0 1 1 1 1 1 1 1 1 1 1 1 1 1 1 1 1 1 
2 032006261 严汪弈 1 0 1 1 1 1 1 1 1 1 1 1 1 1 1 1 1 1 1 0 
2 032006197 张乐玺 1 1 1 1 1 1 1 1 1 1 1 1 1 1 1 1 1 1 1 1 
2 032006239 方莉花 1 1 1 1 1 1 1 1 1 1 1 1 1 1 1 1 1 1 1 1 
2 032006232 方黄谦 1 1 1 1 1 1 1 1 1 1 1 1 1 1 1 1 1 1 1 1 
2 032006275 严莉莉 0 1 1 1 1 1 1 1 1 1 1 1 1 1 1 1 1 1 1 1 
2 032006220 张慧 1 1 1 1 1 1 1 1 1 1 1 1 1 1 1 1 1 1 1 1 
2 032006199 孙歆然 1 1 1 1 1 1 1 1 1 1 1 1 1 1 1 1 1 1 1 1 
2 032006194 严语琴 1 1 1 1 1 1 1 0 1 1 1 1 1 1 1 1 1 1 1 1 
2 032006200 马煦安 1 1 0 1 1 1 0 1 1 1 1 1 1 1 1 1 1 1 1 1 
2 032006270 张毅 1 1 1 1 1 1 1 1 1 1 1 1 1 1 1 1 1 1 1 1 
2 032006268 张灵鸿 1 1 1 1 1 1 1 1 1 1 1 1 1 1 1 1 1 1 1 1 
2 032006196 李果果 1 1 1 1 1 1 1 1 1 1 1 1 1 1 1 1 1 1 1 1 
2 032006211 张亦苒 1 1 1 1 1 1 1 1 1 1 1 1 1 0 1 1 1 1 1 1 
2 032006195 李旭东 1 1 1 1 1 1 1 1 1 1 1 1 1 1 1 1 1 1 1 1 
2 032006271 孙永 1 1 1 1 1 1 1 1 1 0 1 1 1 1 1 1 1 1 1 1 
2 032006242 马怡汶 1 1 1 1 1 1 1 1 1 1 1 1 1 1 1 1 1 1 1 1 
2 032006273 严海彤 1 1 1 1 1 1 1 1 1 1 1 1 1 1 1 1 1 1 1 1 
2 032006259 赵芬 1 1 1 1 1 1 1 1 1 1 1 1 1 1 1 1 1 1 1 1 
2 032006192 严志成 1 1 1 1 1 1 1 1 1 1 1 1 1 1 1 1 1 1 1 1 
2 032006202 严明浩 1 1 1 1 1 1 1 1 1 1 1 1 1 1 1 1 1 1 1 1 
2 032006263 孙瑞哲 1 0 1 1 1 1 1 1 1 1 1 1 1 1 1 1 1 1 1 1 
2 032006249 方南为 1 1 1 1 1 1 1 1 1 1 1 1 1 1 1 1 1 1 1 1 
2 032006219 马腾龙 1 1 1 1 1 1 1 1 1 1 1 1 1 1 1 1 1 1 1 1 
2 032006206 严郁晴 1 1 1 1 1 1 1 1 1 1 1 1 1 1 1 1 1 1 1 1 
2 032006207 严晓晴 1 1 1 1 1 1 1 0 1 1 1 1 1 1 1 1 1 1 1 0 
2 032006245 严雨芳 1 1 1 1 1 1 1 1 1 1 1 1 1 1 1 1 1 1 1 1 
2 032006208 赵山川 1 1 1 1 1 1 1 1 1 1 1 1 1 1 1 1 1 1 1 1 
2 032006277 孙皓鹏 1 1 1 1 1 1 1 1 1 1 1 1 1 1 1 1 1 1 1 1 
2 032006269 严竣霖 1 1 1 1 1 1 1 1 1 1 1 1 1 1 1 1 1 1 1 1 
2 032006204 严伊卉 1 1 1 1 1 1 1 1 1 1 1 1 1 1 1 1 1 1 1 1 
2 032006274 严健丹 1 1 1 1 0 1 1 1 1 1 1 1 1 1 1 1 1 1 1 1 
2 032006234 严巳宁 1 1 1 1 1 1 0 1 1 1 1 1 1 1 1 1 1 1 1 1 
2 032006266 张希红 1 1 1 1 1 1 1 1 1 1 1 1 1 1 1 1 1 1 1 1 
2 032006209 赵红艳 1 1 1 1 1 1 1 1 1 1 1 1 1 1 1 1 1 1 1 1 
2 032006276 孙凯楠 1 1 1 1 1 1 0 1 1 1 1 1 1 1 1 1 1 1 1 1 
2 032006223 马哲彬 1 1 1 1 1 1 1 1 1 1 1 1 1 1 1 1 1 1 1 1 
2 032006262 方子涵 1 1 1 1 1 1 1 1 1 1 1 1 1 1 1 1 1 1 1 1 
2 032006256 孙藜娟 1 1 1 1 1 1 1 1 1 1 1 1 1 1 1 1 1 1 1 1 
2 032006240 张伟洁 1 1 1 1 1 1 1 1 1 1 1 1 1 1 1 1 1 1 1 1 
2 032006226 马伟 1 1 1 1 1 1 1 1 1 1 1 1 1 1 1 1 1 1 1 1 
2 032006254 孙顺琼 1 1 1 1 1 1 1 1 1 1 1 1 1 1 1 1 1 1 1 1 
2 032006272 方昭为 1 1 1 1 1 1 1 1 1 1 1 1 1 1 1 1 1 1 1 1 
2 032006260 严可彤 1 1 1 1 1 1 1 1 1 1 1 1 1 1 1 1 1 1 1 1 
2 032006258 孙雨希 1 1 1 1 1 1 1 1 1 1 1 1 1 1 1 1 1 1 1 1 
2 032006255 严丹菱 1 1 1 1 0 1 1 1 1 1 1 1 1 1 1 1 1 1 1 1 
2 032006246 赵磊 1 1 1 1 0 1 1 1 1 1 1 1 1 1 1 1 1 1 1 0 
2 032006244 孙越洲 1 1 1 1 1 1 1 1 1 0 1 1 1 1 1 1 1 1 1 1 
2 032006191 孙葵阳 1 1 1 1 1 1 1 1 1 1 1 1 1 1 1 1 1 1 1 1 
2 032006227 孙玮霆 1 1 1 1 1 1 1 1 1 1 1 1 1 1 1 1 1 1 1 1 
2 032006267 严诗茜 1 1 1 1 1 1 1 1 1 1 1 1 1 1 1 1 1 1 1 1 
2 032006243 赵萍 1 1 1 1 1 1 1 1 1 1 1 1 1 1 1 1 1 1 1 1 
2 032006278 严晓雅 1 1 1 1 1 1 1 1 1 1 1 1 1 1 1 1 1 1 1 1 
2 032006231 张彩格 1 1 1 1 1 1 1 1 1 1 1 1 1 1 1 1 1 1 1 1 
2 032006265 方丽 1 1 1 1 1 1 1 1 1 1 1 1 1 1 1 1 1 1 1 1 
2 032006235 严佩衣 1 1 1 1 1 1 1 1 1 1 1 1 1 1 1 1 1 1 1 1 
2 032006264 孙黎静 1 1 0 1 1 1 1 1 1 1 1 0 1 1 1 1 1 1 1 1 
2 032006216 严杨天 0 1 1 1 1 1 1 1 1 1 1 1 1 1 1 1 1 1 1 1 
2 032006257 张凌荣 1 1 1 1 1 1 1 1 1 1 1 1 1 1 1 1 1 1 1 1 
2 032006241 孙浴 1 1 1 1 1 1 1 1 1 1 1 1 1 1 1 0 1 1 1 1 
2 032006210 方伊琳 1 1 1 1 1 1 1 1 1 1 1 1 1 1 1 1 1 1 1 1 
2 032006250 方建伟 1 1 1 1 1 1 1 1 1 1 1 1 1 1 1 1 1 1 1 1 
2 032006221 严锦浩 1 1 1 1 1 1 1 1 1 1 1 1 1 1 1 1 1 1 1 1 
2 032006224 严丹倩 1 0 1 1 1 1 1 1 1 1 1 1 1 1 1 1 1 1 1 1 
2 032006253 李彦豪 1 1 1 1 1 1 1 1 1 1 1 1 1 1 1 1 1 1 1 1 
2 032006222 孙萱宜 1 1 1 1 1 1 1 1 1 1 1 1 1 1 1 1 1 1 1 1 
2 032006214 方昊明 1 1 1 1 1 1 1 1 1 1 1 1 1 1 1 1 1 1 1 1 
2 032006213 孙竟然 1 1 1 1 1 1 1 1 1 1 1 1 1 1 1 1 1 1 1 1 
2 032006248 张岩 1 1 1 1 1 1 1 1 1 1 1 1 1 1 1 1 1 1 1 1 
2 032006280 赵英杰 1 1 1 1 1 1 1 1 1 1 1 1 1 1 1 1 1 1 1 1 
3 032006314 马青 0 0 1 0 0 0 0 1 0 0 1 0 0 0 0 0 1 0 0 0 
3 032006309 赵晨羲 0 1 0 0 0 0 0 0 1 0 0 0 0 1 0 0 0 0 0 1 
3 032006322 李懿 0 0 0 0 0 0 0 0 0 0 1 0 0 1 1 0 0 1 0 0 
3 032006287 赵一鹤 0 0 1 1 0 0 0 0 0 0 0 0 1 0 0 0 1 0 0 0 
3 032006369 严钦平 0 1 0 0 0 0 0 1 0 1 0 0 0 0 0 0 0 0 0 1 
3 032006334 马兆敏 1 1 1 1 1 1 1 1 1 1 1 1 1 1 1 1 1 1 1 1 
3 032006282 赵青青 1 1 1 1 1 1 0 1 1 1 1 1 1 1 1 1 1 1 1 1 
3 032006361 马小冬 1 1 1 1 1 1 1 1 1 1 1 1 1 1 1 1 1 1 1 1 
3 032006315 严汪研 1 1 1 1 1 1 1 1 1 1 1 1 1 1 1 1 1 1 1 1 
3 032006370 张宇聪 1 1 1 1 1 1 1 1 1 1 1 1 1 1 1 1 1 1 1 1 
3 032006338 赵墨涵 1 1 1 1 1 1 1 1 1 1 1 1 1 1 1 1 1 1 1 1 
3 032006312 赵大炜 1 1 1 1 1 1 0 1 1 1 1 1 1 1 1 1 1 1 1 1 
3 032006355 赵秋萍 1 1 1 1 1 1 1 1 1 1 1 1 1 1 1 1 1 1 1 1 
3 032006306 孙国君 1 1 1 1 1 1 1 1 1 1 1 1 1 1 1 1 1 1 1 1 
3 032006300 赵程程 1 1 1 1 1 1 1 1 1 1 1 1 1 1 1 1 1 1 1 1 
3 032006343 方毅 1 1 1 1 1 1 1 1 1 1 1 1 1 1 1 1 1 1 1 1 
3 032006348 方凯 1 1 1 1 1 1 0 1 1 1 1 1 1 1 1 1 1 1 1 1 
3 032006297 严翔 1 1 1 0 1 1 1 1 1 1 1 1 1 1 1 1 1 1 1 1 
3 032006308 李馨 1 1 1 1 1 1 1 1 1 1 0 1 1 1 1 1 1 1 1 1 
3 032006291 方亦飞 1 1 1 1 1 1 1 1 1 1 1 1 1 1 1 1 1 1 1 1 
3 032006362 赵欣 1 1 1 1 1 1 1 1 1 1 1 1 1 1 1 1 1 1 1 1 
3 032006342 严汪延 1 1 1 1 1 1 1 1 1 1 1 1 1 1 1 1 1 1 0 1 
3 032006323 马晶 1 1 1 1 1 1 1 1 1 1 1 1 1 1 1 1 1 1 1 1 
3 032006290 赵玮 1 1 1 1 1 1 1 1 1 1 1 1 1 1 1 1 1 1 1 1 
3 032006320 严彩施 1 1 1 1 1 1 1 1 1 1 1 1 1 1 1 1 1 1 1 1 
3 032006332 方俊英 1 1 1 1 1 1 1 1 1 1 1 1 1 1 1 1 1 1 1 1 
3 032006311 严国欣 1 1 1 1 1 1 1 1 1 1 1 1 1 1 1 1 1 1 1 1 
3 032006298 严文绚 1 1 1 1 1 1 1 1 1 1 1 1 1 1 1 1 1 1 1 1 
3 032006310 严之浩 1 1 1 1 1 1 1 1 1 1 1 1 1 1 1 1 1 1 1 1 
3 032006285 张昀天 1 1 1 1 1 1 1 1 1 1 1 1 1 1 1 1 1 1 1 1 
3 032006353 孙泽杼 1 0 1 1 1 1 1 1 1 1 1 1 1 1 1 1 1 1 1 1 
3 032006283 孙雨辰 1 1 1 1 1 1 1 1 1 1 0 1 1 1 1 1 1 1 1 1 
3 032006358 方昱宁 1 1 1 1 1 1 1 1 1 1 1 1 1 1 1 1 1 0 1 1 
3 032006346 张羽涵 1 1 1 1 1 1 1 1 1 1 1 0 1 1 1 1 1 1 1 1 
3 032006303 马料丰 1 1 1 1 1 1 1 1 1 1 1 0 1 1 1 1 1 1 1 1 
3 032006325 严升凯 1 1 1 1 1 1 1 1 1 1 1 1 1 1 1 1 1 1 1 1 
3 032006294 孙海根 1 1 1 1 1 1 1 1 1 1 1 1 1 1 1 1 1 1 1 1 
3 032006360 张弘力 1 1 0 1 1 1 1 1 0 1 1 1 1 1 1 1 1 1 1 1 
3 032006324 赵鹏举 1 1 1 1 1 1 1 1 1 1 1 1 1 1 1 1 1 1 1 1 
3 032006351 方韵潜 1 1 1 1 1 1 1 1 1 1 1 1 1 1 1 1 1 1 1 1 
3 032006336 孙芝茹 1 1 1 1 1 1 1 1 1 1 1 1 1 1 1 0 1 1 1 1 
3 032006335 赵心如 1 1 1 1 1 1 1 1 1 1 1 1 1 1 1 1 1 1 1 1 
3 032006301 赵辰希 1 1 1 1 1 1 1 1 1 1 1 1 1 1 1 1 1 1 1 1 
3 032006341 张馨怡 1 1 1 1 1 1 1 1 1 1 1 1 1 1 1 1 1 1 1 1 
3 032006321 张嘉恩 1 1 1 1 1 1 1 1 1 1 1 1 1 1 1 1 1 1 1 1 
3 032006329 赵静 1 1 1 1 1 1 1 1 1 1 1 1 1 1 1 1 1 1 1 1 
3 032006368 马诗茹 1 1 1 1 1 1 1 1 1 1 1 1 1 1 1 1 1 1 1 1 
3 032006289 严小萍 1 1 1 1 1 1 1 1 1 1 1 1 1 1 1 1 1 1 1 1 
3 032006330 赵娟 1 1 1 1 1 1 1 0 1 1 1 1 1 1 1 1 1 1 1 1 
3 032006299 马彦 1 1 1 1 1 1 1 1 1 1 1 1 1 1 1 1 1 1 1 1 
3 032006318 孙利强 1 1 1 1 1 1 1 1 1 1 1 1 1 1 1 1 1 1 1 1 
3 032006340 严月菱 1 1 1 1 1 1 1 1 1 1 1 1 1 1 1 1 1 1 1 1 
3 032006288 张苡馨 1 1 1 1 1 1 1 1 1 1 1 1 1 1 1 1 1 1 1 1 
3 032006350 孙凌云 1 1 1 1 1 1 1 1 1 1 1 1 1 1 1 1 1 1 1 1 
3 032006352 赵子涵 1 1 1 1 1 1 1 1 1 1 1 1 1 1 1 1 1 1 1 1 
3 032006313 李嘉城 1 1 0 1 1 1 1 1 1 1 1 1 1 1 1 1 1 1 1 1 
3 032006333 严妮 1 1 1 1 1 1 1 1 1 1 1 1 1 1 1 1 1 1 1 1 
3 032006359 张毅航 1 1 1 1 1 1 1 1 1 1 1 1 1 1 1 1 1 1 1 1 
3 032006286 张一凡 1 1 1 1 1 1 1 1 1 1 1 1 1 1 1 1 1 1 1 1 
3 032006317 孙炯 1 1 1 1 1 1 1 1 1 1 1 1 1 1 1 1 1 1 1 1 
3 032006337 李果 1 1 1 1 1 1 1 1 1 1 1 1 1 1 1 1 1 0 1 1 
3 032006347 李振华 1 1 1 1 1 1 1 1 1 1 1 1 1 1 1 1 1 1 1 1 
3 032006304 严可童 1 1 1 1 1 1 1 1 1 1 1 1 1 1 1 0 1 0 1 1 
3 032006331 孙漉 1 1 1 1 1 1 1 1 1 1 1 1 1 1 1 1 1 1 1 1 
3 032006363 孙仲海 1 1 1 1 1 1 1 1 1 1 1 1 1 1 1 1 1 1 1 1 
3 032006326 张可睿 1 1 1 1 1 1 1 1 1 1 1 1 1 1 1 1 1 1 1 1 
3 032006349 李俊辉 1 1 1 1 1 1 1 0 1 1 1 1 1 1 1 1 1 1 1 1 
3 032006284 张禄曾 1 1 1 1 1 1 1 1 1 1 1 1 1 1 1 1 1 1 1 0 
3 032006339 严春俏 1 1 1 1 1 1 1 1 1 1 1 1 1 1 1 1 1 1 1 1 
3 032006293 孙颀林 1 1 1 1 1 1 1 1 1 1 1 1 1 1 1 1 1 1 1 1 
3 032006292 马昭倩 1 1 1 1 1 1 1 1 1 1 1 1 1 1 1 1 1 1 1 1 
3 032006356 孙旭鹏 1 1 1 1 1 1 1 1 1 1 1 1 1 1 1 1 1 1 1 1 
3 032006328 张君凯 1 0 1 1 1 1 1 1 1 1 1 1 1 1 1 1 1 1 1 1 
3 032006316 方涛 1 1 1 1 1 1 1 1 1 1 1 1 1 1 1 1 1 1 1 1 
3 032006307 孙粼 1 1 1 1 1 1 1 1 0 1 1 1 1 1 1 1 1 1 1 1 
3 032006357 严雅佟 1 1 1 1 1 1 1 1 1 1 1 1 1 1 1 1 1 1 1 1 
3 032006354 张玉馨 1 1 0 1 1 1 1 1 1 1 1 1 1 1 1 1 1 1 1 1 
3 032006296 孙上九 1 1 1 1 1 1 1 1 1 1 1 1 1 1 1 1 1 1 1 1 
3 032006365 李辉 1 1 1 1 1 1 1 1 1 1 1 1 1 1 1 1 1 1 1 1 
3 032006364 孙矩杳 1 1 1 1 1 1 1 1 1 1 1 1 1 1 1 1 1 1 1 1 
3 032006344 张佳佳 1 1 1 1 1 1 1 1 1 1 1 1 1 1 1 1 1 1 1 1 
3 032006327 张雅雯 1 1 1 1 1 1 1 1 1 1 1 1 1 1 1 1 1 1 1 1 
3 032006366 严珏青 1 1 1 1 1 1 1 1 1 1 1 1 1 1 1 1 1 1 1 1 
3 032006305 李洪波 1 1 1 1 1 1 1 1 1 1 1 1 1 1 1 1 1 1 1 1 
3 032006345 张哲文 1 1 1 1 1 1 1 1 1 1 1 1 1 1 1 1 1 1 1 1 
3 032006319 李想 1 1 1 1 1 1 1 1 1 1 1 1 1 1 1 1 1 1 1 1 
3 032006367 马溪远 1 1 1 1 1 1 1 1 1 1 1 1 1 1 1 1 1 1 1 1 
3 032006281 严榕 1 1 1 1 1 1 1 1 1 1 1 1 1 1 1 1 1 1 1 1 
3 032006302 李h 1 1 1 1 1 1 1 1 1 1 1 1 1 1 1 1 1 1 1 1 
3 032006295 马民 1 1 1 1 1 1 1 1 1 1 1 1 1 1 1 1 1 1 1 1 
4 032006408 孙莉舒 0 0 0 0 0 0 0 1 0 0 0 0 0 0 0 1 1 0 0 1 
4 032006425 严汪湛 1 1 1 0 0 0 0 0 0 0 0 0 0 0 0 0 0 0 1 0 
4 032006412 赵蕾 0 0 1 0 0 0 0 0 1 1 0 0 0 0 0 1 0 0 0 0 
4 032006431 严兮卉 0 0 0 1 1 0 0 1 0 0 0 0 0 0 0 1 0 0 0 0 
4 032006407 严云杰 0 0 0 0 0 1 1 0 1 0 0 1 0 0 0 0 0 0 0 0 
4 032006400 赵珊珊 1 1 1 1 1 1 1 1 1 1 1 1 1 1 1 1 1 0 1 1 
4 032006403 李晓燕 1 1 1 1 1 1 1 1 1 1 1 1 1 1 1 1 1 1 1 1 
4 032006441 方子乜 1 1 1 1 1 1 1 1 1 1 1 1 1 1 1 1 1 1 1 1 
4 032006459 马怡灵 1 1 1 1 1 1 1 1 1 1 1 1 1 1 1 1 1 1 1 1 
4 032006449 赵鑫淼 1 1 1 1 1 1 1 1 1 1 1 1 1 1 1 1 1 1 1 1 
4 032006420 孙潇 1 1 1 1 1 1 1 1 1 1 1 1 1 1 1 1 1 1 1 1 
4 032006447 方煜彬 1 1 1 1 1 1 1 1 1 1 1 1 1 1 1 1 1 1 0 1 
4 032006458 马玺晶 1 1 1 1 1 1 1 1 1 1 1 1 1 1 1 1 1 1 1 1 
4 032006445 李琳颖 1 1 1 1 1 1 1 1 0 1 1 1 1 1 1 1 1 1 1 1 
4 032006417 严芳童 1 1 1 1 1 1 0 1 1 1 1 1 1 1 1 1 1 1 1 1 
4 032006372 李杰 1 1 1 1 1 1 1 1 1 1 1 1 1 1 1 1 1 1 1 1 
4 032006399 张恬宁 1 1 1 1 1 1 1 1 1 1 1 1 1 1 1 1 1 1 1 1 
4 032006416 严仕华 1 1 1 1 1 1 1 1 1 1 1 1 1 1 1 1 1 1 1 1 
4 032006444 孙翠杰 1 1 1 1 1 1 1 1 1 1 1 1 1 1 1 1 1 1 1 1 
4 032006422 张毛毛 0 1 1 1 1 1 1 1 1 1 1 1 1 1 1 1 1 1 1 1 
4 032006451 孙豫 1 1 1 1 1 1 0 1 1 0 1 1 1 1 1 1 1 1 1 1 
4 032006386 李欣妍 1 1 1 1 1 1 1 1 1 1 1 1 1 1 1 1 1 1 1 1 
4 032006427 孙服务 1 1 1 1 1 1 1 1 1 1 1 1 1 1 1 1 1 1 1 1 
4 032006437 严赵 1 1 1 1 1 1 1 1 1 1 1 1 1 1 1 1 1 1 1 1 
4 032006377 方奕航 1 1 1 1 1 1 1 1 1 1 1 1 1 1 1 1 1 1 0 1 
4 032006411 孙旭燕 1 1 1 1 1 1 1 1 1 1 1 1 1 1 1 1 1 1 1 1 
4 032006382 孙俊林 1 1 1 1 1 1 1 1 1 1 1 1 1 1 1 1 1 1 1 1 
4 032006376 严楚风 1 1 1 1 1 1 1 1 1 1 1 1 1 1 1 1 1 1 1 1 
4 032006389 孙铭辰 1 1 1 1 1 1 1 1 1 1 1 1 1 1 1 1 1 1 1 1 
4 032006410 严华玲 1 1 1 1 1 1 1 1 1 1 1 0 0 1 1 1 1 1 1 1 
4 032006426 严添允 1 1 0 1 1 1 1 1 1 1 1 1 1 1 1 1 1 1 1 1 
4 032006394 张彦鸣 1 1 1 1 1 1 1 1 1 1 1 1 1 1 1 1 0 1 1 1 
4 032006395 李妍 1 1 1 1 1 1 1 1 1 1 1 1 1 1 1 1 1 1 1 1 
4 032006378 严荞 1 0 1 1 1 1 1 1 1 1 1 1 1 1 1 1 1 1 1 1 
4 032006432 李鑫宇 1 1 1 1 1 1 1 1 1 1 1 1 1 1 1 1 1 1 1 1 
4 032006371 赵文杰 1 1 1 1 1 1 0 1 1 1 1 1 1 1 1 1 1 1 1 1 
4 032006406 赵煜婷 1 1 1 1 1 1 1 1 1 1 1 1 1 1 1 1 1 1 1 1 
4 032006402 马可欣 1 1 1 1 1 1 1 1 0 1 1 1 1 1 1 1 1 1 1 1 
4 032006424 张君忆 1 1 1 1 0 1 1 1 1 1 1 1 1 1 1 1 1 1 1 1 
4 032006409 孙闯 1 1 1 1 1 1 1 1 1 1 1 1 1 1 1 1 1 1 1 1 
4 032006414 严喜苇 1 1 1 1 1 1 1 1 1 1 1 1 1 1 1 1 1 1 1 1 
4 032006421 方咏祺 1 1 1 1 1 1 1 1 1 1 1 1 1 1 1 1 1 1 0 1 
4 032006391 严建灏 1 1 1 1 1 1 1 1 1 1 1 1 1 1 1 1 1 1 1 1 
4 032006446 严启月 1 1 1 1 1 1 1 1 1 1 1 1 1 1 1 1 1 1 1 1 
4 032006373 孙浩州 1 1 1 1 1 1 1 1 1 1 1 1 1 1 1 0 1 1 1 1 
4 032006436 严卓立 1 1 1 1 1 1 1 1 1 1 1 1 1 1 1 1 1 1 1 1 
4 032006452 孙茂林 1 1 1 1 1 1 1 1 1 1 1 1 1 1 1 1 1 1 1 1 
4 032006413 严积章 1 1 1 1 1 1 1 1 1 1 1 1 1 1 1 1 1 1 1 1 
4 032006456 孙相钱 1 1 1 1 1 1 1 1 1 1 1 1 1 1 1 1 0 1 1 1 
4 032006390 马佳琦 1 1 1 1 1 1 1 1 1 1 1 1 1 1 1 1 1 1 1 1 
4 032006393 孙钰林 1 1 1 1 1 1 1 1 0 1 1 1 0 1 1 1 1 1 1 1 
4 032006385 严灼林 1 1 1 1 1 1 1 1 1 1 1 1 1 1 1 1 1 1 1 1 
4 032006438 张涵之 1 1 1 1 1 1 1 1 1 1 1 1 1 1 1 1 1 1 1 1 
4 032006439 李金泽 1 1 1 1 1 1 1 1 1 1 1 1 1 1 1 1 1 1 1 1 
4 032006384 赵莉莎 1 1 1 1 1 1 1 1 1 1 1 1 1 1 1 1 1 1 1 1 
4 032006450 李悦 1 1 1 1 1 1 1 1 1 1 1 1 1 1 1 1 1 1 1 1 
4 032006419 张灏 1 1 1 1 1 1 1 1 1 1 1 1 1 1 1 1 1 1 1 1 
4 032006374 严榕森 1 1 1 1 1 1 1 1 1 1 1 1 1 1 1 1 1 1 1 1 
4 032006401 赵嘉琦 1 1 1 1 1 1 1 1 1 1 1 1 1 1 1 1 1 1 1 1 
4 032006440 严蔚蓉 1 1 1 1 1 1 1 1 1 1 1 1 1 1 1 1 1 1 1 1 
4 032006381 张太权 1 1 1 1 1 1 1 1 1 1 0 1 1 1 1 1 1 1 1 1 
4 032006415 严建昆 1 1 1 1 1 1 1 1 1 1 1 1 1 1 1 1 1 1 1 1 
4 032006392 方诗雅 1 1 1 1 1 1 1 1 1 1 1 1 1 1 1 1 1 1 1 1 
4 032006435 孙霆 1 1 1 1 1 1 1 1 1 1 1 1 1 1 1 1 1 1 1 1 
4 032006388 孙琏歆 1 1 1 1 1 1 1 1 1 1 1 1 1 1 1 1 1 1 1 1 
4 032006453 方一淇 1 1 1 1 1 1 1 1 1 1 1 1 1 0 1 1 1 1 1 1 
4 032006404 严丹语 1 1 1 1 1 1 1 1 1 1 1 1 1 1 1 1 1 1 1 1 
4 032006454 严欣兰 1 1 1 1 1 1 1 1 1 1 1 1 1 1 1 1 1 1 1 1 
4 032006379 孙高翔 1 1 1 1 1 1 1 1 1 1 1 1 1 1 1 1 1 1 1 1 
4 032006387 张坤 1 1 1 1 1 1 1 1 1 1 1 1 1 1 1 1 1 1 1 1 
4 032006398 孙利民 1 1 1 1 1 1 1 1 1 1 1 1 1 1 1 1 1 1 1 1 
4 032006457 严丹玲 1 1 1 1 1 1 1 1 1 1 1 1 1 1 1 1 1 1 1 1 
4 032006405 马智冬 1 0 1 1 1 1 1 1 1 1 1 1 1 1 1 1 1 1 1 1 
4 032006397 严晨光 1 1 1 1 1 1 1 1 1 1 1 1 1 1 1 1 1 1 1 1 
4 032006380 严月彤 1 1 1 1 1 1 1 1 1 1 1 1 1 1 1 1 1 1 1 1 
4 032006396 赵霞 1 1 1 1 1 1 1 1 1 1 1 1 1 1 1 1 1 1 1 0 
4 032006433 严小卿 1 1 1 1 1 1 1 1 1 1 1 1 1 1 1 1 1 1 1 1 
4 032006460 张雨卓 1 1 1 1 1 1 1 1 1 1 1 1 1 0 1 1 1 1 1 1 
4 032006375 李丽 1 1 1 0 1 1 1 1 1 0 1 1 1 1 1 1 1 1 1 1 
4 032006430 赵鑫宇 1 0 1 1 1 1 1 1 1 1 1 1 1 0 1 1 1 1 1 1 
4 032006429 赵玉萍 1 1 1 1 1 1 1 1 1 1 1 1 1 1 1 1 1 1 1 1 
4 032006442 孙鹏浩 1 1 1 1 1 1 1 1 1 1 1 1 1 1 1 1 1 1 1 1 
4 032006434 严楚景 1 1 1 1 1 1 1 1 1 1 1 1 1 1 1 0 1 1 1 1 
4 032006383 严汪翌 1 1 1 1 1 1 1 1 1 1 1 1 1 1 1 1 1 1 1 1 
4 032006443 张华 1 1 1 1 1 1 1 1 1 1 1 1 1 1 1 1 1 1 1 1 
4 032006455 严福材 1 1 1 1 1 1 1 1 1 1 1 1 1 1 1 1 1 1 1 1 
4 032006418 李浩 1 1 1 1 1 1 1 1 1 1 1 1 1 1 1 1 1 1 1 1 
4 032006423 张馨仪 1 1 1 0 1 1 1 1 1 1 1 1 0 1 1 1 1 1 1 1 
4 032006428 张泽琪 1 1 1 1 1 1 1 1 1 1 1 1 1 1 1 1 1 1 1 1 
4 032006448 孙榆敏 1 1 1 1 1 1 1 1 1 1 1 1 1 1 1 1 1 1 1 0 
5 032006532 孙铁乱 0 0 0 0 0 0 0 1 0 0 0 0 0 1 1 0 0 0 1 0 
5 032006471 马立浩 1 0 0 1 0 1 1 0 0 0 0 0 0 0 0 0 0 0 0 0 
5 032006515 马欣刚 0 0 0 1 1 0 0 0 0 0 0 0 0 1 0 0 1 0 0 0 
5 032006511 严俊 0 0 0 0 0 0 1 0 0 1 1 0 0 0 0 1 0 0 0 0 
5 032006514 李娉婷 0 0 1 1 1 0 1 0 0 0 0 0 0 0 0 0 0 0 0 0 
5 032006528 严书雅 0 0 0 0 1 1 0 0 0 1 0 0 0 0 0 0 1 0 0 0 
5 032006498 严彩语 1 1 1 1 1 1 0 1 1 1 1 1 1 1 1 1 1 1 1 1 
5 032006534 赵来景 1 1 1 1 1 1 1 1 1 1 1 0 1 1 1 1 1 1 1 1 
5 032006476 张晓洋 1 1 1 1 1 1 1 1 1 1 1 1 1 1 1 1 1 1 1 1 
5 032006472 严静蓉 1 1 1 1 1 1 1 1 1 1 1 1 1 1 1 1 1 1 1 1 
5 032006510 孙瑜含 0 1 1 1 1 1 1 1 1 1 1 1 1 1 1 1 1 1 1 1 
5 032006487 张凯洁 1 1 1 1 1 1 1 1 1 1 1 1 1 1 1 1 1 1 1 1 
5 032006486 孙修雨 1 1 1 1 1 1 1 1 1 1 1 1 1 1 1 1 1 1 1 1 
5 032006538 严雨阳 1 1 1 1 1 1 1 1 1 1 1 1 1 1 1 1 1 1 1 1 
5 032006492 严文琳 1 1 1 1 1 1 1 1 1 1 1 1 1 1 1 1 1 1 1 1 
5 032006535 孙逸歆 1 1 1 1 1 1 1 1 1 1 1 0 1 1 1 1 1 1 1 1 
5 032006509 马宏斌 1 1 1 1 1 1 1 1 1 1 1 1 1 0 1 1 1 1 1 1 
5 032006507 李思涵 1 1 1 1 1 1 1 1 1 1 1 1 1 1 1 1 1 1 1 1 
5 032006542 严海菱 0 1 1 1 1 1 1 1 1 0 0 1 1 1 1 1 1 1 1 1 
5 032006479 严梓瀚 1 1 1 1 0 1 1 1 1 1 1 1 1 1 1 1 1 1 1 1 
5 032006473 孙军生 1 1 1 1 1 1 1 1 1 1 1 1 1 1 1 1 1 1 1 0 
5 032006550 孙元芳 1 1 1 1 1 1 1 1 1 1 1 1 1 1 1 1 1 1 1 1 
5 032006512 张颖 1 1 1 1 1 1 1 1 1 1 1 1 1 1 1 1 1 1 1 1 
5 032006468 赵鸿宇 1 1 1 1 1 1 1 1 1 1 1 1 1 1 1 1 1 1 1 1 
5 032006477 张驰 1 1 1 1 1 1 1 1 0 1 1 1 1 1 1 1 1 1 1 1 
5 032006518 孙凯航 1 1 1 1 1 1 1 1 1 1 1 1 1 1 1 1 1 1 1 1 
5 032006478 孙煦艺 1 1 1 1 1 1 1 1 1 1 1 1 1 1 1 1 1 1 1 1 
5 032006467 赵冬娜 1 1 1 1 1 1 1 1 1 1 1 1 1 1 1 1 1 1 1 1 
5 032006491 严子恒 1 1 1 1 1 1 1 1 1 1 1 1 1 1 1 1 1 1 1 1 
5 032006547 李婷婷 1 1 1 1 1 1 1 1 1 1 1 1 1 1 1 1 1 1 1 1 
5 032006521 李雨涵 1 1 1 1 1 1 1 1 1 1 1 1 1 1 1 1 1 1 1 1 
5 032006541 方泓锴 1 1 0 1 1 1 1 1 1 1 1 1 1 1 1 1 1 1 1 1 
5 032006522 方诗睿 1 1 1 1 1 1 1 1 1 1 1 1 1 1 1 1 1 1 1 1 
5 032006533 张奕轩 1 0 1 1 1 1 1 1 1 1 1 1 1 1 1 1 1 1 0 1 
5 032006524 严安全 1 1 1 1 1 1 1 1 1 1 1 1 1 1 0 1 1 1 1 1 
5 032006489 孙肖露 1 1 1 1 1 1 1 1 1 1 1 1 1 1 1 1 1 1 1 1 
5 032006503 严圣铭 1 1 1 1 1 1 1 1 1 1 1 1 1 1 1 1 1 1 1 1 
5 032006516 孙芷若 1 1 1 1 1 1 1 1 1 1 1 1 1 1 1 1 1 1 1 1 
5 032006545 赵玉江 1 1 1 1 1 1 1 1 1 1 1 1 1 1 1 1 1 1 1 1 
5 032006462 严丽琴 1 1 1 1 1 1 1 1 1 1 1 1 1 1 1 1 1 1 1 1 
5 032006523 孙瑞寅 1 1 1 1 1 1 1 1 1 1 1 1 1 1 1 1 1 1 1 1 
5 032006465 严清 1 1 1 1 1 1 1 1 1 1 1 1 1 1 1 1 1 1 1 1 
5 032006525 赵欷西 1 1 1 1 1 1 1 1 1 1 1 1 1 1 1 1 1 1 1 1 
5 032006513 赵晓妍 1 1 1 1 1 1 1 1 1 0 1 1 1 1 0 1 1 1 1 1 
5 032006539 严文雅 1 1 1 1 1 1 1 1 1 1 1 1 1 1 1 1 1 1 1 0 
5 032006494 方凯霖 1 1 1 1 1 1 1 1 0 1 1 1 1 1 1 1 1 1 1 1 
5 032006543 李思欣 1 1 1 1 1 1 1 1 1 1 1 1 1 1 1 1 1 1 1 1 
5 032006466 张忻奕 1 1 1 1 1 1 1 1 1 1 1 1 1 1 1 1 1 1 1 1 
5 032006501 严煜玟 1 1 1 1 1 1 1 1 1 1 1 1 1 1 1 1 1 1 1 1 
5 032006469 李子涵 1 1 1 1 1 1 1 1 1 1 1 1 1 1 1 1 1 1 1 1 
5 032006464 张林 1 1 1 1 1 1 1 1 1 1 1 1 1 1 1 1 1 1 1 1 
5 032006481 孙樱坪 1 1 1 1 1 1 1 1 1 1 1 1 1 1 1 1 1 1 1 1 
5 032006482 李泽楷 1 1 1 1 1 1 1 1 1 1 1 1 1 1 1 1 1 1 1 1 
5 032006505 赵若君 1 1 1 1 1 1 1 1 1 1 1 1 1 1 1 1 1 1 1 1 
5 032006502 严婷蔼 1 1 1 1 1 1 1 1 1 0 1 1 1 1 1 1 1 1 1 1 
5 032006483 孙荥珲 1 1 1 1 1 1 1 1 1 1 1 1 1 1 1 1 1 1 1 1 
5 032006497 张予涵 1 1 1 1 1 1 0 1 1 1 1 1 1 1 1 1 1 1 1 1 
5 032006499 张倩文 1 1 1 1 1 1 1 1 1 1 1 1 1 1 1 1 1 1 1 1 
5 032006463 马湘 1 1 1 1 1 1 1 1 1 1 1 1 1 1 1 1 1 1 1 1 
5 032006508 严汪轲 1 1 1 1 1 1 1 1 1 1 1 1 1 1 1 1 1 1 1 1 
5 032006484 严斓馨 1 1 1 1 1 1 1 1 1 1 1 0 1 1 1 1 1 1 1 1 
5 032006530 赵春雷 1 0 1 1 1 1 1 1 1 1 1 1 1 1 1 1 1 1 1 1 
5 032006495 马雅淳 1 1 1 1 1 1 1 0 1 1 1 1 1 1 1 1 1 1 1 1 
5 032006549 孙神泽 1 1 1 1 1 1 1 1 1 1 1 1 1 1 1 1 1 1 1 1 
5 032006536 孙艳 1 1 1 1 1 1 1 1 1 1 1 1 1 1 1 1 1 1 1 1 
5 032006546 张静敏 1 1 1 1 1 1 1 1 1 1 1 1 1 1 1 0 1 1 1 1 
5 032006529 严洁琼 1 1 1 1 1 1 1 1 1 1 1 1 1 1 1 1 1 1 1 1 
5 032006517 方美莲 1 1 1 1 1 1 1 1 1 1 1 1 1 1 1 1 1 1 1 1 
5 032006520 严楚清 1 1 1 1 1 1 1 1 1 1 1 1 1 1 1 1 1 1 1 1 
5 032006493 孙梓楠 1 1 1 1 1 1 1 1 1 1 1 1 1 1 1 1 1 1 1 1 
5 032006496 张旭菲 1 1 1 0 1 1 1 1 1 1 1 1 1 1 1 1 1 1 1 1 
5 032006527 孙科 1 1 1 1 1 1 1 1 1 1 1 1 1 1 1 1 1 1 1 1 
5 032006490 张娟 1 1 1 1 1 1 1 1 1 1 1 1 1 1 1 1 1 1 1 1 
5 032006526 孙莺歌 1 1 1 1 1 1 1 1 1 1 1 1 1 1 1 1 1 1 1 1 
5 032006506 严灼临 1 1 1 1 1 1 1 1 1 1 1 1 1 1 1 1 1 1 1 1 
5 032006540 严汪尉 1 1 1 1 1 1 1 1 1 1 1 1 1 1 1 1 1 1 1 1 
5 032006470 张异域 1 1 0 1 1 1 1 1 1 1 1 1 1 1 1 1 1 1 1 1 
5 032006475 张诗晨 1 1 1 1 1 1 1 0 1 1 1 1 1 1 1 1 1 1 1 1 
5 032006531 赵岚 1 1 1 1 1 1 1 1 1 1 1 1 1 1 1 1 1 1 1 1 
5 032006519 方杰 1 1 1 1 1 1 1 1 1 1 1 1 1 1 1 1 1 1 1 1 
5 032006537 方士乐 1 1 1 1 1 1 1 1 1 1 1 1 1 1 1 1 1 1 1 1 
5 032006504 赵本山 1 1 0 1 1 1 1 1 1 1 1 1 1 1 1 1 1 1 1 1 
5 032006461 严小谦 1 0 1 1 1 1 1 1 1 1 1 1 1 1 1 1 1 1 1 1 
5 032006548 孙铭玺 1 1 1 1 1 1 1 1 1 1 1 1 1 1 1 1 1 1 1 1 
5 032006488 严江浙 1 1 1 1 1 1 1 1 1 1 1 1 1 0 1 1 1 1 1 1 
5 032006474 李启菁 1 1 1 1 1 1 1 1 1 1 1 1 1 1 0 1 1 1 1 1 
5 032006500 严依宁 1 1 1 1 1 1 1 1 1 1 1 1 1 1 1 1 1 1 1 1 
5 032006485 孙桂华 1 1 1 1 1 1 1 1 1 1 1 1 1 1 1 1 1 1 1 1 
5 032006480 张雨生 1 1 1 1 1 1 1 1 1 1 1 1 1 1 1 1 1 1 1 1 
5 032006544 赵威皓 1 1 1 1 1 1 1 1 1 1 1 1 1 1 1 1 1 1 1 1 
