1 032006185 李昭 0 0 1 0 0 0 0 1 0 0 1 0 0 0 0 1 0 0 0 0 
1 032006168 李旭东 1 0 0 0 1 1 0 0 0 0 1 0 0 0 0 0 0 0 0 0 
1 032006152 孙遥桐 0 0 0 0 1 0 0 1 1 0 0 0 0 1 0 0 0 0 0 0 
1 032006105 孙元芳 0 0 0 0 1 0 0 0 1 0 0 0 1 0 0 1 0 0 0 0 
1 032006124 方梓霖 0 1 0 0 0 0 0 0 0 1 0 0 0 0 0 0 1 1 0 0 
1 032006170 孙菲彦 0 0 0 0 0 0 0 1 0 1 1 0 0 0 1 0 0 0 0 0 
1 032006181 严沁儿 1 1 1 1 1 1 0 1 1 1 1 0 1 1 1 1 1 1 1 1 
1 032006107 严酉升 1 1 1 1 1 1 1 1 1 1 1 1 1 1 0 1 1 1 1 1 
1 032006175 严彪 1 1 1 1 1 1 1 1 1 1 1 1 1 1 1 1 0 1 1 1 
1 032006129 孙高翔 1 1 1 1 1 0 1 1 1 1 1 1 1 1 1 1 1 0 1 1 
1 032006126 赵冬娜 1 0 1 1 1 1 1 1 1 1 1 1 1 1 1 1 1 1 1 1 
1 032006146 李果果 1 1 1 1 1 1 1 1 1 1 1 1 1 1 1 1 1 1 1 1 
1 032006149 严汪蕴 1 1 1 1 1 1 1 1 1 1 1 1 1 1 0 1 1 1 1 1 
1 032006157 孙旭鹏 1 1 1 1 1 1 1 1 1 1 1 1 1 1 1 1 1 1 1 1 
1 032006173 李彩云 1 1 1 1 1 1 1 1 1 1 1 1 1 1 1 1 1 1 1 1 
1 032006122 严浩 1 1 1 1 1 1 1 1 1 1 1 1 1 1 1 1 1 1 1 1 
1 032006187 方晓 1 1 1 1 1 1 1 1 1 1 1 1 1 1 1 1 1 1 1 1 
1 032006172 严细琴 1 1 1 1 1 1 1 1 1 1 1 1 1 1 1 1 1 1 1 1 
1 032006101 张忻奕 1 1 1 1 1 1 1 1 1 1 1 1 1 1 1 1 1 1 1 1 
1 032006178 李琳颖 1 1 1 1 1 1 1 1 1 1 1 1 1 1 1 1 1 1 1 1 
1 032006138 李佳怡 1 1 1 1 1 1 1 1 1 1 1 1 1 1 1 1 0 1 1 1 
1 032006161 孙萍萍 1 1 1 1 1 1 1 1 1 1 1 1 1 1 1 1 1 1 1 1 
1 032006109 李泽轩 1 1 1 1 1 1 1 1 1 1 1 1 1 1 1 1 1 1 1 1 
1 032006116 马娉 1 1 1 1 1 1 1 1 1 1 1 1 1 1 1 1 1 1 1 1 
1 032006118 赵翊铭 1 1 1 1 1 1 1 1 1 1 1 1 1 1 1 1 1 1 1 1 
1 032006119 方馨翊 1 1 1 1 1 1 1 1 1 1 1 1 1 1 1 1 1 1 1 1 
1 032006141 严煜玟 1 1 1 1 1 1 1 1 1 1 1 1 1 1 1 1 1 1 1 1 
1 032006156 孙棣楚 1 1 1 1 1 1 1 1 1 1 1 1 1 1 1 1 1 1 1 1 
1 032006162 孙逸歆 1 1 1 1 1 1 1 1 1 1 1 1 1 1 1 1 1 1 1 1 
1 032006102 张亦苒 1 1 1 1 1 1 1 1 1 1 1 1 1 1 1 1 1 1 1 1 
1 032006183 孙晟跃 1 1 1 1 1 1 1 1 1 1 1 1 1 1 1 1 1 1 1 1 
1 032006142 孙泽石 1 1 1 1 1 1 1 1 1 1 1 1 1 1 1 1 1 1 1 1 
1 032006177 李钰 1 1 1 1 1 1 1 1 1 1 1 1 1 1 1 1 1 1 1 1 
1 032006111 严雅清 1 1 0 1 1 1 1 1 1 1 1 1 1 1 1 1 1 1 1 1 
1 032006176 方军山 1 1 1 1 1 1 1 1 1 1 1 1 1 1 1 1 1 1 1 1 
1 032006139 赵红叶 1 0 1 1 1 1 1 1 1 1 1 1 1 1 1 1 1 1 1 1 
1 032006134 严宇力 1 1 1 1 1 1 1 1 1 1 1 1 1 1 1 1 1 1 1 1 
1 032006117 李文豪 1 1 1 1 1 1 1 1 0 1 1 1 1 1 1 1 1 1 1 1 
1 032006121 严莉莉 1 1 1 1 1 1 1 1 1 1 1 1 1 1 1 1 1 1 1 1 
1 032006167 张彦鸣 1 1 1 1 1 1 1 1 1 1 1 0 1 1 1 1 1 1 1 1 
1 032006151 方煜祥 1 1 1 1 1 1 1 1 1 1 1 1 1 1 1 1 1 1 1 1 
1 032006133 孙雪梅 1 1 1 1 1 1 1 1 1 1 1 1 1 1 1 1 1 1 1 1 
1 032006103 方凯霖 1 1 1 1 1 1 1 1 1 1 1 1 1 1 1 1 1 1 1 1 
1 032006132 孙桂华 1 1 1 1 1 1 1 1 1 1 1 1 1 1 1 1 1 1 1 1 
1 032006123 李鑫宇 1 1 1 1 1 1 1 1 1 1 1 1 1 1 1 1 1 1 1 1 
1 032006106 马雅淳 1 1 1 1 1 1 1 1 1 1 1 1 1 1 1 1 1 1 1 1 
1 032006165 严月菱 1 1 1 1 1 1 1 1 1 1 1 1 1 1 1 1 1 1 1 1 
1 032006113 张太权 1 1 1 1 1 1 1 1 1 1 1 1 1 1 1 0 1 1 1 1 
1 032006190 严雅佟 0 1 1 1 1 1 1 1 1 1 1 1 1 1 1 1 1 1 1 1 
1 032006128 李舒涵 1 1 1 1 1 1 1 1 1 1 1 1 1 1 1 1 1 1 1 1 
1 032006184 严巳宁 1 1 1 1 1 1 1 1 1 1 1 1 1 1 1 1 0 1 1 1 
1 032006160 严小芳 1 1 1 1 1 1 1 1 1 1 1 1 1 1 1 1 1 1 1 1 
1 032006189 李晓菲 1 1 1 1 1 1 1 1 1 1 0 1 1 1 1 1 1 1 1 1 
1 032006112 严丹艳 1 1 1 1 1 1 1 1 1 1 1 1 1 1 1 1 1 1 1 1 
1 032006148 赵霞 1 1 1 1 1 1 1 1 1 1 1 1 1 1 1 1 1 1 1 1 
1 032006180 孙相奎 1 1 0 1 1 1 1 1 1 1 1 1 1 1 1 1 1 1 1 1 
1 032006136 赵利安 0 1 1 1 1 1 1 1 1 1 1 1 1 1 1 1 1 1 1 1 
1 032006120 严静蓉 1 1 1 1 1 1 1 1 1 1 1 1 1 1 1 1 1 0 1 1 
1 032006155 严积章 1 1 1 1 1 1 1 1 1 1 1 1 1 1 1 1 1 1 1 1 
1 032006150 严建灏 1 1 1 1 1 1 1 1 1 1 1 1 1 1 1 1 1 1 1 1 
1 032006159 李婧妍 1 1 1 1 1 1 1 1 1 1 1 1 1 1 1 1 1 1 1 1 
1 032006114 李锋 1 1 1 1 1 1 1 1 1 1 1 1 1 1 1 1 1 1 1 1 
1 032006169 张淑炅 1 1 1 1 1 1 1 1 1 1 1 1 1 1 1 1 1 1 1 1 
1 032006108 张毛毛 1 1 1 1 1 1 1 1 1 1 1 1 1 1 1 1 1 1 1 1 
1 032006154 严汪延 0 1 1 1 1 0 1 1 1 1 1 1 1 1 1 1 1 1 1 1 
1 032006182 马小慧 1 1 1 1 1 1 1 1 0 1 1 0 1 1 1 1 1 1 1 1 
1 032006137 孙理忠 1 1 1 1 1 1 1 1 1 1 1 1 1 1 1 1 1 1 1 1 
1 032006179 马阡馨 1 1 1 1 1 1 1 1 1 1 1 1 1 1 1 1 1 1 1 1 
1 032006166 严赵 1 1 1 1 1 1 0 1 1 1 1 1 1 1 1 1 1 1 1 1 
1 032006144 张曼翎 1 1 1 1 1 1 1 1 1 1 1 1 1 1 1 1 1 1 1 1 
1 032006131 方美莲 1 1 1 1 1 1 1 1 1 1 1 1 1 1 1 1 1 1 1 1 
1 032006164 严澜心 1 1 1 1 1 1 1 1 1 1 1 1 1 1 1 1 1 1 1 1 
1 032006186 孙陆 1 1 1 1 1 1 1 1 1 1 1 1 1 0 1 1 1 1 1 1 
1 032006125 孙淑雅 1 1 1 1 1 1 1 1 1 1 1 1 1 1 1 1 1 1 1 1 
1 032006163 孙翠杰 1 1 1 1 1 1 1 1 1 1 1 1 1 1 1 1 1 1 1 1 
1 032006158 张秋苹 1 1 1 1 1 1 1 1 1 1 1 1 1 1 1 1 1 1 1 1 
1 032006135 严东森 1 1 1 1 1 1 1 1 1 1 1 1 1 1 0 1 1 1 1 1 
1 032006127 孙涛 1 1 1 1 1 1 1 1 1 1 1 1 1 1 1 1 1 1 1 1 
1 032006143 马政熙 1 1 1 1 1 1 1 1 1 1 1 1 1 1 1 1 1 1 1 1 
1 032006188 张奕菲 1 1 1 1 1 1 1 1 1 1 1 1 1 1 1 1 1 1 1 1 
1 032006171 方丽 1 1 1 1 1 1 1 1 1 1 1 1 1 1 1 1 1 1 1 1 
1 032006140 严郁晴 1 1 1 1 1 1 1 1 1 1 1 1 1 1 1 1 1 0 1 0 
1 032006104 严楚景 1 0 1 1 1 1 1 1 1 1 1 1 1 1 1 1 1 1 1 1 
1 032006147 严羽宁 1 1 1 1 1 1 1 1 1 1 1 1 1 1 1 1 1 1 1 1 
1 032006115 严姝雨 1 1 1 1 1 1 1 1 1 1 1 1 1 1 1 1 1 1 1 1 
1 032006174 孙皓鹏 1 1 1 1 1 1 1 1 1 1 1 1 1 1 1 1 1 1 1 1 
1 032006130 方春香 1 1 1 1 1 1 1 1 1 1 1 1 1 1 1 1 1 1 1 1 
1 032006110 马佳琦 1 1 1 1 1 1 1 1 1 1 1 1 1 1 1 1 1 1 1 1 
1 032006153 严晓雅 1 1 1 1 1 1 1 1 1 1 1 1 1 1 1 0 1 1 1 1 
1 032006145 孙钰婉 1 1 1 1 1 1 1 1 1 1 1 1 1 1 1 1 1 1 1 1 
2 032006205 李一帆 1 0 1 0 0 1 0 0 0 0 0 0 0 0 0 0 0 0 1 0 
2 032006280 马逸茏 0 1 0 0 0 0 0 1 0 1 1 0 0 0 0 0 0 0 0 0 
2 032006209 张鑫然 0 1 0 0 0 0 0 0 0 0 0 0 0 1 0 0 0 1 0 1 
2 032006227 方沁元 0 0 0 0 0 1 0 0 0 0 0 0 0 1 0 0 1 0 0 1 
2 032006278 赵婉婷 0 0 0 0 0 1 0 0 0 1 0 1 0 1 0 0 0 0 0 0 
2 032006210 赵晨希 1 0 1 1 1 1 1 1 1 1 1 1 1 1 1 1 1 1 1 1 
2 032006206 张佳佳 1 1 1 1 1 1 1 1 1 1 1 1 1 1 1 1 1 1 1 1 
2 032006265 张凌荣 1 1 1 1 1 1 1 1 1 1 1 1 1 1 1 1 1 1 1 1 
2 032006216 严红霞 1 1 1 1 1 1 1 1 1 1 1 1 1 1 1 1 0 1 1 1 
2 032006215 赵芳芳 1 1 1 1 1 1 1 1 1 1 0 1 1 1 1 1 1 1 1 1 
2 032006234 孙仲海 1 1 1 1 1 1 1 1 1 1 1 1 1 1 1 1 1 1 1 0 
2 032006256 马力泉 1 1 1 1 1 1 1 1 1 1 1 1 1 1 1 1 1 1 1 1 
2 032006255 李嘉城 1 1 1 1 1 1 1 1 1 1 1 1 1 1 1 1 1 1 1 1 
2 032006214 严苗 1 1 1 1 1 1 1 0 1 1 1 1 1 1 1 1 1 1 1 1 
2 032006199 赵芮婕 1 1 1 1 1 1 1 1 1 1 1 1 1 1 1 1 1 1 1 1 
2 032006238 孙瑜含 1 1 1 1 1 1 1 1 1 1 1 1 1 1 1 1 1 1 1 1 
2 032006254 孙上九 1 1 1 1 1 1 1 1 1 1 1 1 1 1 1 1 1 1 1 1 
2 032006266 赵鑫铭 1 1 1 1 1 1 1 1 1 1 1 1 1 1 1 1 1 1 1 1 
2 032006250 严梓涵 1 1 1 1 1 1 1 0 1 1 1 1 1 0 1 1 1 1 1 1 
2 032006246 严可琳 1 1 1 1 1 1 1 1 1 1 1 1 1 1 1 1 1 1 1 1 
2 032006257 张熙媛 1 1 1 1 1 1 1 1 1 1 1 1 1 1 0 1 0 1 1 1 
2 032006196 赵津 1 1 1 1 1 1 1 1 1 1 1 1 1 1 1 1 1 1 1 1 
2 032006264 方茹梦 1 1 1 1 1 1 1 1 1 1 1 1 1 1 1 1 1 1 1 1 
2 032006219 赵一然 1 1 1 1 1 1 1 1 1 1 1 1 1 1 1 1 1 1 1 1 
2 032006194 赵凯 1 1 1 1 1 1 1 1 1 1 1 1 1 1 1 1 1 1 1 1 
2 032006253 李勇 1 1 1 1 1 1 1 1 1 1 1 1 1 1 1 1 1 1 1 1 
2 032006198 方正邪 1 1 1 1 1 1 1 1 1 1 1 1 1 1 1 1 1 1 1 1 
2 032006258 方佳 1 1 1 1 1 1 1 1 1 1 1 1 1 1 1 1 1 1 1 1 
2 032006222 孙倾星 1 1 1 1 1 1 1 1 1 1 1 1 1 1 1 1 1 1 1 1 
2 032006236 李妍 1 1 1 1 1 0 1 1 1 1 1 1 1 1 1 1 1 1 1 1 
2 032006197 严小羽 1 1 1 1 1 1 1 1 1 1 1 1 1 1 1 0 1 1 1 1 
2 032006237 孙铭玺 1 1 1 1 1 1 1 1 1 1 1 1 1 1 1 1 1 1 1 1 
2 032006244 方瀚铭 1 1 1 1 1 1 1 1 1 0 1 1 1 1 1 1 1 1 1 1 
2 032006275 孙晨 0 1 1 1 1 1 1 1 1 1 1 1 1 1 1 1 1 1 1 1 
2 032006201 严健丹 1 1 1 1 1 1 1 1 1 1 1 1 1 1 1 1 1 1 1 1 
2 032006239 严娟梅 1 1 1 1 1 1 1 1 1 1 1 1 1 1 1 1 1 1 1 1 
2 032006232 严汪湛 1 1 1 1 1 1 1 1 1 1 1 1 1 1 1 1 1 1 1 1 
2 032006221 张奕轩 1 1 0 1 1 1 1 1 1 1 1 1 1 1 1 1 1 1 1 1 
2 032006261 李思涵 1 1 1 1 1 1 1 1 1 1 1 1 1 1 1 1 1 1 1 1 
2 032006226 严晓丹 1 1 1 1 1 1 1 1 1 1 1 1 1 1 1 1 1 1 1 1 
2 032006218 张彩格 1 1 1 1 1 1 1 1 1 1 1 1 1 1 1 1 1 1 1 1 
2 032006224 赵柯雄 1 1 1 1 1 1 1 1 1 1 1 1 1 1 1 1 0 1 1 1 
2 032006267 严灼林 1 1 1 1 1 1 1 1 1 1 1 1 1 1 1 1 1 1 1 1 
2 032006233 严卓卉 1 1 1 1 1 1 1 1 1 1 1 1 1 1 1 1 1 1 1 1 
2 032006200 严丹芹 1 1 1 1 1 1 1 1 1 1 1 1 1 1 1 1 1 1 1 1 
2 032006241 严小贞 1 0 1 1 1 1 1 1 1 1 1 1 1 1 1 1 1 1 1 1 
2 032006193 孙晓欣 1 1 1 1 1 1 1 1 1 1 1 1 1 1 1 1 1 1 1 1 
2 032006259 方毅 1 1 1 1 1 1 1 1 1 1 1 1 1 1 1 1 1 1 1 1 
2 032006274 严锦蓉 1 1 1 1 1 1 1 1 1 1 1 1 1 1 1 1 1 1 1 1 
2 032006276 严举蓉 1 1 1 1 1 1 1 1 1 1 1 1 1 1 1 1 1 1 1 1 
2 032006211 马蔚灏 1 1 1 1 1 1 1 1 1 1 1 1 1 1 1 0 1 1 1 1 
2 032006279 张晶婧 1 1 1 1 1 1 1 1 1 1 1 1 1 1 1 1 1 1 1 1 
2 032006223 李冬梅 1 1 1 1 1 1 1 1 1 1 1 1 1 1 1 1 1 1 1 1 
2 032006251 孙菡林 1 1 1 1 1 1 1 1 1 1 1 1 1 1 1 1 1 1 1 1 
2 032006191 孙瑞哲 1 1 1 1 1 1 1 1 1 1 1 1 1 1 1 0 1 1 1 1 
2 032006242 严洁琼 1 1 1 1 1 1 1 1 1 1 1 1 1 1 1 1 1 1 1 1 
2 032006217 方雪妮 1 1 1 1 1 1 1 1 1 1 1 1 1 1 1 1 1 1 1 1 
2 032006203 张昀天 1 1 1 1 1 1 1 1 1 1 1 1 1 1 1 1 1 1 1 1 
2 032006231 孙钰林 1 1 1 1 1 1 1 1 1 1 1 1 1 1 1 1 1 1 1 1 
2 032006262 赵欣 1 1 1 1 1 1 1 1 1 1 1 1 1 1 1 1 1 1 1 1 
2 032006207 张玉馨 1 1 1 1 1 1 1 1 1 1 1 1 1 1 1 1 1 1 1 1 
2 032006269 方一诺 1 1 1 1 1 1 1 1 1 1 1 1 1 1 1 1 1 1 1 1 
2 032006260 方昱宁 1 1 1 1 1 1 1 1 1 1 1 1 1 1 1 1 1 1 1 1 
2 032006228 马云波 1 1 1 1 1 1 1 1 1 1 1 1 1 1 1 1 1 1 1 1 
2 032006270 严诗茜 1 1 1 1 1 1 1 1 1 0 1 1 1 1 1 1 1 1 1 1 
2 032006272 孙际长 1 1 1 1 1 1 1 1 1 1 1 1 1 1 1 1 1 1 1 1 
2 032006235 方坤尧 1 1 1 1 1 1 1 1 1 1 1 1 1 1 1 1 1 1 1 1 
2 032006204 严华玲 1 1 1 1 1 1 1 1 1 1 1 1 1 1 1 1 1 1 1 1 
2 032006248 孙漉 1 1 1 1 1 1 1 1 1 1 1 1 1 1 1 1 1 1 1 1 
2 032006249 孙歌阳 1 1 1 1 1 1 1 1 1 1 1 1 1 1 1 1 1 1 1 1 
2 032006252 严芳童 1 1 1 1 1 1 1 1 1 1 1 1 1 1 1 1 1 1 1 1 
2 032006195 孙梦轩 1 1 1 1 1 1 1 1 1 1 1 1 1 1 1 1 1 1 1 1 
2 032006229 严楚清 1 1 1 1 1 1 1 1 1 1 1 1 1 1 1 1 1 1 1 1 
2 032006240 严榕森 1 1 1 1 1 1 1 1 1 1 1 1 1 1 0 1 1 1 1 1 
2 032006202 严小宁 1 1 1 1 1 1 1 1 1 1 1 1 1 1 1 1 1 1 1 1 
2 032006243 李怡然 1 1 1 1 1 1 1 1 1 1 1 1 1 1 1 1 1 1 1 1 
2 032006273 赵芬 1 1 1 1 1 1 0 1 1 1 1 1 1 1 1 1 1 1 1 1 
2 032006271 赵玮 1 1 1 1 1 1 1 1 1 1 1 1 1 1 1 1 1 1 1 1 
2 032006208 张伟 1 1 1 1 1 1 1 1 1 0 1 1 1 1 1 1 1 1 1 1 
2 032006247 李浩 1 1 0 1 1 1 1 1 1 1 1 1 1 1 1 1 1 1 1 1 
2 032006212 赵春雷 1 1 1 1 1 1 1 1 1 1 1 1 1 1 1 1 1 1 1 1 
2 032006277 严晓倩 1 1 1 1 1 1 1 1 1 1 1 1 1 1 1 1 1 1 1 1 
2 032006192 马煦安 1 1 1 1 1 1 1 1 1 1 1 1 1 1 1 1 1 1 1 1 
2 032006220 张可睿 1 1 1 1 1 1 1 1 1 1 1 1 1 1 1 1 1 1 0 1 
2 032006263 张天弘 1 1 1 1 1 1 1 1 1 1 1 1 1 1 1 1 1 1 1 1 
2 032006245 严子涵 1 1 1 1 1 1 1 1 1 1 1 1 1 1 1 1 1 1 1 1 
2 032006268 严俊琪 1 1 1 1 1 1 1 1 1 1 1 1 1 1 1 1 1 1 1 1 
2 032006225 严钦平 1 1 1 1 1 1 1 1 1 1 1 1 1 1 1 1 1 1 1 1 
2 032006213 马熠轩 1 1 1 1 1 1 1 1 1 1 1 1 1 1 1 1 1 1 1 1 
2 032006230 李娉婷 1 1 1 1 1 1 1 1 1 1 1 1 1 1 1 1 1 1 1 1 
3 032006283 严彩语 0 0 0 0 0 1 1 0 0 0 0 0 1 0 0 0 0 0 0 1 
3 032006344 严翔 0 0 1 0 0 0 0 0 1 0 0 0 0 1 0 0 0 0 0 1 
3 032006303 李果 0 1 1 0 0 0 0 0 1 0 0 0 0 0 0 0 0 0 1 0 
3 032006366 张君忆 0 0 0 0 0 1 0 0 1 0 0 0 0 0 0 0 1 1 0 0 
3 032006348 孙金琳 0 0 1 0 0 1 1 0 0 1 0 0 0 0 0 0 0 0 0 0 
3 032006334 赵玉萍 1 1 0 0 1 0 0 0 0 0 0 0 0 1 0 0 0 0 0 0 
3 032006319 赵威皓 0 0 0 0 0 0 1 0 0 0 1 0 0 1 0 0 0 0 1 0 
3 032006304 孙伯严 1 0 0 0 1 0 0 1 0 0 0 0 0 0 0 0 0 0 0 1 
3 032006335 严映明 1 1 1 1 1 1 1 0 1 1 1 1 1 1 1 1 1 1 1 1 
3 032006347 孙榆敏 1 1 1 1 1 1 1 1 1 1 1 1 1 1 1 1 1 1 1 1 
3 032006293 孙茂功 1 0 1 1 1 1 1 1 1 1 1 1 1 1 1 1 1 1 1 1 
3 032006367 方彬 1 1 1 1 1 1 1 1 1 1 1 1 1 1 1 1 1 1 1 1 
3 032006365 李欣妍 1 1 1 1 1 1 1 1 1 1 1 0 1 1 1 1 1 1 1 1 
3 032006333 赵昕 1 1 1 1 1 1 1 1 1 1 1 1 1 1 1 1 1 1 1 1 
3 032006342 张亮 1 1 1 1 1 1 1 1 1 1 1 1 1 1 1 1 1 1 1 1 
3 032006310 孙胜男 1 1 1 1 1 1 1 1 1 1 1 1 1 1 1 1 1 1 1 1 
3 032006328 严蔚蓉 1 1 1 1 1 1 1 1 0 1 1 1 1 1 1 1 1 1 1 1 
3 032006290 孙雨希 1 1 1 1 1 1 1 1 1 1 1 1 1 1 1 1 1 1 0 1 
3 032006325 赵伟 1 1 1 1 1 1 1 1 1 1 1 1 1 1 1 1 1 1 1 1 
3 032006320 严珏青 1 1 1 1 1 1 1 1 1 1 1 1 1 1 1 1 1 1 1 1 
3 032006318 张灏 1 1 1 1 1 1 1 1 1 1 1 1 1 1 1 1 1 1 1 1 
3 032006296 张景灏 1 1 1 1 1 1 1 1 1 0 1 1 1 1 1 1 1 1 1 1 
3 032006309 李丽颖 1 1 1 1 1 1 1 1 1 1 1 1 1 1 1 1 1 1 1 1 
3 032006361 方正 1 1 1 1 1 1 1 1 1 1 1 1 1 1 1 1 1 1 1 1 
3 032006358 严春俏 1 1 1 1 1 1 1 1 1 1 1 1 1 1 1 1 1 1 1 1 
3 032006302 张轩宇 1 1 1 1 1 1 1 1 1 0 1 1 1 1 1 1 1 1 1 1 
3 032006340 张艳 1 1 1 1 1 1 1 1 1 1 1 1 1 1 1 1 1 1 1 1 
3 032006350 孙炯 1 1 1 1 1 1 1 1 1 1 1 1 1 1 1 1 1 1 1 1 
3 032006308 李启菁 1 1 1 1 0 1 1 1 1 1 1 1 1 1 1 1 1 1 1 1 
3 032006314 李金泽 1 1 1 1 1 1 1 1 1 1 1 1 1 0 1 1 1 1 1 1 
3 032006297 马文明 1 1 1 1 1 1 1 1 1 1 1 1 1 1 1 1 1 1 1 1 
3 032006356 张筱涵 1 1 1 1 1 1 1 1 0 1 1 1 1 1 1 1 1 1 1 1 
3 032006312 张馨仪 1 1 1 1 1 1 1 1 1 1 1 1 1 1 1 1 1 1 1 1 
3 032006359 严小萍 1 1 1 1 1 1 1 1 1 1 1 1 1 1 1 1 1 1 0 1 
3 032006301 马民 1 1 1 1 1 1 1 1 1 1 1 1 1 0 1 1 1 1 1 0 
3 032006349 马源 1 1 1 1 1 1 1 1 1 1 1 1 1 1 1 1 1 1 1 0 
3 032006284 孙莉舒 1 1 1 1 1 1 1 1 1 1 1 1 1 1 1 1 1 1 1 1 
3 032006339 严汪尉 1 1 1 1 1 1 1 1 1 1 1 1 1 1 1 1 1 1 1 1 
3 032006364 张予涵 1 1 1 1 1 1 1 1 1 1 1 1 1 1 1 1 1 0 1 1 
3 032006353 孙佳佳 1 1 1 1 1 1 1 1 1 1 1 1 1 1 1 1 1 1 1 1 
3 032006317 严浩然 1 1 1 1 1 1 1 1 1 1 1 1 1 1 1 1 1 1 1 1 
3 032006351 方静 1 1 1 1 1 1 1 1 1 1 1 1 1 1 1 1 0 1 1 1 
3 032006363 严奕翔 1 1 1 1 1 1 1 1 1 1 1 1 1 1 1 1 1 1 1 1 
3 032006322 孙霆 1 1 1 1 1 1 1 1 1 1 1 1 1 1 1 1 1 1 1 1 
3 032006362 马诗茹 1 1 1 1 1 1 1 1 1 1 1 1 1 1 1 1 1 1 1 1 
3 032006337 张灿灿 1 1 1 1 1 1 1 1 1 1 1 1 1 1 1 1 1 1 1 1 
3 032006370 严屹婷 1 1 1 1 1 1 1 1 1 1 1 1 1 1 1 1 1 1 1 1 
3 032006346 李昊洋 1 1 1 1 1 1 1 1 1 1 1 1 1 1 1 1 1 1 1 1 
3 032006313 张雅雯 1 1 1 1 1 0 1 1 1 1 1 1 1 1 1 1 1 1 1 1 
3 032006300 孙闻浩 1 1 1 1 1 1 1 1 1 1 1 1 1 1 1 1 1 1 1 1 
3 032006287 严月艳 1 1 1 1 1 1 1 1 1 1 1 1 1 1 1 1 1 1 1 1 
3 032006281 赵青青 1 1 1 1 1 1 1 1 1 1 1 1 1 1 1 1 1 1 1 1 
3 032006323 严文雅 1 1 1 1 1 1 1 1 1 1 1 1 1 1 1 1 1 1 1 1 
3 032006299 李振华 1 1 1 1 1 1 1 1 1 1 1 1 1 1 1 1 1 1 1 1 
3 032006311 张鑫伟 1 1 1 1 1 1 1 1 1 1 1 1 1 1 1 1 1 1 1 1 
3 032006345 张茹 1 1 1 1 1 1 1 1 1 1 1 1 1 0 1 1 1 1 1 1 
3 032006295 严安全 1 1 1 1 1 1 1 1 1 1 1 1 1 1 1 1 1 1 1 1 
3 032006331 张宇聪 1 1 1 1 1 1 1 1 1 1 1 1 1 1 1 1 1 1 1 1 
3 032006329 严楚烨 1 1 1 1 1 1 1 1 1 1 1 1 1 1 1 1 1 1 0 1 
3 032006315 孙秀 1 1 1 1 1 1 1 1 1 1 1 1 1 1 1 1 1 1 1 1 
3 032006285 李泽楷 1 1 1 1 0 1 1 1 1 0 1 1 1 1 1 1 1 1 1 1 
3 032006355 孙海凤 1 1 1 1 1 1 1 1 1 1 1 1 1 1 1 1 1 1 1 1 
3 032006305 方梅 1 1 1 1 1 1 0 1 0 1 1 1 1 1 1 1 1 1 1 1 
3 032006292 方玉华 1 1 1 1 1 1 1 1 1 1 1 1 1 1 1 1 1 1 1 1 
3 032006326 严小卿 1 1 1 1 1 1 1 1 1 1 1 1 1 1 1 1 1 1 1 1 
3 032006338 赵鸿宇 1 1 1 1 1 1 1 1 1 1 1 1 1 1 1 1 1 1 1 1 
3 032006316 方芳 1 1 1 1 1 1 1 1 1 1 1 1 1 1 1 1 1 1 1 1 
3 032006341 方子涵 1 1 1 1 1 1 1 1 1 1 1 1 1 1 1 1 1 1 1 1 
3 032006289 李雨涵 1 1 1 1 1 0 1 1 1 1 1 1 1 1 1 1 1 1 1 1 
3 032006324 孙明阳 1 0 1 1 1 1 1 1 1 1 1 1 1 1 1 0 1 1 1 1 
3 032006330 马伟 1 1 1 1 1 1 1 1 1 1 1 1 1 1 1 1 1 1 1 1 
3 032006291 李想 1 1 1 1 1 1 1 1 1 1 1 1 1 1 1 1 1 1 1 1 
3 032006343 孙矩杳 1 1 1 1 1 1 1 1 1 1 1 1 1 1 1 1 1 1 1 1 
3 032006332 孙科 1 1 1 1 1 1 1 1 1 1 1 1 1 1 1 1 1 1 1 1 
3 032006307 张艺瀚 1 1 1 1 1 1 1 1 1 1 0 1 1 1 1 1 1 1 1 1 
3 032006369 张贝莹 1 1 1 1 1 1 1 1 1 1 1 1 1 1 1 1 1 1 1 1 
3 032006336 李圆圆 1 1 1 1 1 1 1 1 1 1 1 1 1 1 1 1 1 1 1 1 
3 032006321 马欣刚 1 1 1 1 1 1 1 1 1 1 1 1 1 1 1 1 1 1 1 1 
3 032006357 严正 1 1 1 1 1 1 1 1 1 1 1 1 1 1 1 1 1 1 1 1 
3 032006288 孙顺琼 1 1 1 1 1 1 0 1 1 1 1 1 1 1 1 1 1 1 1 1 
3 032006306 马怡汶 1 1 1 1 0 1 1 1 1 1 1 1 1 1 1 1 1 1 1 1 
3 032006282 李婷婷 1 1 1 1 1 1 1 1 1 1 1 1 1 1 1 1 1 1 1 1 
3 032006354 李丽 1 1 1 1 1 1 1 1 1 1 1 1 1 1 0 1 1 1 1 1 
3 032006352 赵欷西 1 1 1 1 1 1 1 1 1 1 1 1 1 1 1 1 1 1 1 0 
3 032006294 严灼临 1 1 1 1 1 1 1 1 1 1 1 1 1 1 1 1 1 1 1 1 
3 032006298 严之浩 1 1 1 1 1 1 1 0 1 1 1 1 1 1 1 1 1 1 1 1 
3 032006360 张曼珂 1 1 1 1 1 1 1 1 1 1 1 1 1 1 1 1 1 1 1 1 
3 032006368 严悦蓉 1 1 1 1 1 1 1 1 1 1 1 1 1 1 1 1 1 1 1 1 
3 032006286 方杰 1 1 1 1 1 1 1 1 1 1 1 1 1 1 1 1 1 1 1 1 
3 032006327 严政 1 0 1 1 1 1 1 1 1 1 1 1 1 1 1 1 0 1 1 1 
4 032006375 孙粼 1 0 0 0 0 0 0 0 0 0 1 0 1 1 0 0 0 0 0 0 
4 032006426 李前进 0 0 0 0 1 0 0 1 0 0 0 0 0 1 0 0 1 0 0 0 
4 032006410 李鹏 1 0 1 0 0 0 0 0 1 0 0 0 1 0 0 0 0 0 0 0 
4 032006438 严汪奕 0 0 0 0 0 1 0 0 0 0 1 1 0 0 0 0 0 0 1 0 
4 032006440 马宏斌 0 0 0 0 1 0 0 0 0 0 0 0 1 0 1 0 1 0 0 0 
4 032006453 孙熙 1 1 1 1 1 1 1 1 1 1 1 1 1 1 1 1 1 1 1 1 
4 032006419 赵捷 1 1 1 1 1 1 1 1 1 1 1 1 1 1 1 1 1 1 1 1 
4 032006447 赵萍 1 1 1 1 1 1 1 1 1 1 1 1 1 1 1 0 1 1 1 1 
4 032006431 张任驰 1 1 1 1 1 1 1 1 1 1 1 1 1 1 1 1 1 1 1 1 
4 032006457 李新宇 1 1 1 1 1 1 1 1 1 1 1 1 1 1 1 1 1 1 1 1 
4 032006454 赵家先 1 1 1 1 1 1 1 1 1 1 1 1 1 1 1 1 1 1 1 1 
4 032006384 赵嘉琦 1 1 1 1 1 1 1 1 1 1 1 1 1 1 1 1 1 1 1 1 
4 032006455 方煜彬 1 1 1 1 1 1 1 1 1 1 1 1 1 1 1 1 1 1 1 1 
4 032006443 严王公 1 1 1 1 1 1 1 1 1 1 1 1 1 1 1 1 1 1 1 1 
4 032006421 严美南 1 1 1 1 1 1 1 1 1 1 1 1 1 1 1 1 1 1 1 1 
4 032006446 张逸文 1 1 1 1 1 1 1 1 1 1 1 1 1 1 1 1 1 1 1 1 
4 032006401 赵静 1 1 1 1 1 1 1 1 1 1 1 1 1 1 1 1 1 1 1 1 
4 032006382 严伊卉 1 1 1 1 1 1 1 1 1 1 1 1 1 1 1 1 1 1 1 1 
4 032006429 孙续祺 1 1 1 1 1 1 1 1 1 1 1 1 1 1 1 1 1 1 1 1 
4 032006411 严立国 1 1 1 1 1 1 1 1 1 1 1 1 1 1 1 1 1 1 1 1 
4 032006380 马英芳 1 1 1 1 1 1 1 1 0 1 1 1 1 1 1 1 1 1 1 1 
4 032006459 马文婕 1 1 1 1 1 1 1 1 1 1 1 1 1 1 1 1 1 1 1 1 
4 032006458 赵墨涵 1 1 1 1 1 1 1 1 1 1 1 1 1 1 1 1 1 1 1 1 
4 032006445 孙铭辰 1 1 1 1 1 1 1 1 1 1 1 1 1 1 1 1 1 1 1 1 
4 032006377 严荞 1 1 1 1 1 1 1 1 1 1 1 1 1 1 1 1 1 1 1 1 
4 032006404 严静娴 1 1 1 1 1 1 1 1 1 1 1 1 1 1 1 1 1 1 1 1 
4 032006449 严珏妮 1 1 1 1 1 1 1 1 1 1 1 1 1 1 1 1 1 1 1 1 
4 032006396 张诗晨 1 1 1 1 1 1 1 1 1 1 1 1 1 0 1 1 1 1 1 1 
4 032006422 赵晓妍 1 1 1 1 1 1 1 1 1 1 1 1 1 1 1 1 1 1 1 1 
4 032006430 赵馨 1 1 1 1 1 1 1 1 1 1 1 1 1 1 1 1 1 1 1 1 
4 032006408 李雪 1 1 1 1 1 1 1 1 1 1 1 1 1 1 1 1 1 1 1 1 
4 032006423 孙燕评 1 1 1 1 1 1 1 1 1 1 1 1 1 1 1 1 1 1 1 1 
4 032006407 马立浩 1 1 1 1 1 1 1 1 1 1 0 1 1 0 1 1 1 1 1 1 
4 032006400 孙藜娟 1 1 1 1 1 1 1 1 1 1 1 1 1 1 1 1 1 1 1 1 
4 032006383 孙景辉 1 1 1 1 1 1 1 1 1 1 1 1 1 1 1 1 1 1 1 1 
4 032006395 严婷蔼 1 1 1 1 1 1 1 1 1 1 1 1 1 1 1 1 1 1 1 1 
4 032006391 孙煦 1 1 1 1 1 1 1 1 1 1 1 1 1 1 1 1 1 1 1 1 
4 032006452 赵莉莎 1 1 1 1 1 1 1 1 1 1 1 1 1 1 1 1 1 1 1 1 
4 032006376 孙颀林 1 1 1 1 1 1 1 1 1 1 1 1 1 1 1 1 1 1 1 1 
4 032006388 李雨瞳 1 1 1 1 1 1 1 1 1 1 1 1 1 1 1 1 1 1 1 1 
4 032006374 孙佳澳 1 1 1 1 1 1 1 1 1 1 1 1 1 1 1 1 1 1 1 1 
4 032006397 严丹倩 1 1 1 1 1 1 1 1 1 1 1 1 1 1 1 1 1 1 1 1 
4 032006436 孙铁乱 1 1 0 1 1 1 1 1 1 1 1 1 1 1 1 1 1 1 1 1 
4 032006373 赵晨羲 1 1 1 1 1 1 1 1 1 1 1 1 1 1 1 1 1 1 1 1 
4 032006398 赵岚 1 1 1 1 1 1 1 1 1 1 1 1 1 1 1 1 1 1 1 1 
4 032006386 方梓健 1 1 1 1 1 1 1 1 1 1 1 1 1 1 1 1 1 1 1 1 
4 032006387 赵若君 1 1 1 1 1 1 1 1 1 1 1 1 1 1 1 1 1 1 1 1 
4 032006444 严梓瀚 1 1 1 1 1 1 1 1 1 1 1 1 1 1 1 1 1 1 1 0 
4 032006371 严可彤 1 1 1 1 1 1 1 1 1 1 1 1 1 1 1 1 1 1 1 1 
4 032006405 张乐玺 1 1 1 1 1 1 1 1 1 1 1 1 1 1 1 1 1 1 1 1 
4 032006451 方淑怡 1 1 1 1 1 1 1 1 1 1 1 1 1 1 1 1 1 1 1 1 
4 032006389 李树林 1 1 1 1 1 1 1 1 1 1 1 1 1 1 1 1 1 1 1 1 
4 032006439 严承启 1 1 0 1 1 1 1 1 1 1 1 1 1 1 1 1 1 1 1 0 
4 032006432 孙凯楠 1 1 1 1 1 1 1 1 1 1 1 1 1 1 1 1 1 1 1 1 
4 032006434 赵梓含 1 1 1 1 1 1 1 1 1 1 1 1 1 1 1 1 1 1 1 1 
4 032006437 严晓晴 1 1 1 1 1 1 1 1 1 1 1 1 1 1 1 1 1 1 1 1 
4 032006433 张晟豪 1 1 1 1 1 1 1 1 1 1 1 1 1 1 1 1 1 1 1 1 
4 032006394 李奥 1 1 1 1 1 1 1 1 1 1 1 1 1 1 1 1 1 1 1 1 
4 032006416 孙凤军 1 1 1 1 1 1 1 1 1 1 1 1 1 1 1 1 1 1 1 1 
4 032006417 孙路铁 1 1 1 1 1 1 1 1 1 1 1 1 1 1 1 1 1 1 1 1 
4 032006409 孙修雨 0 1 1 1 1 1 1 1 1 1 1 1 1 1 1 1 1 1 1 1 
4 032006381 张馨怡 1 1 1 1 1 1 1 1 1 1 1 1 1 1 0 1 1 1 1 1 
4 032006385 孙若楦 1 1 1 1 1 1 1 1 1 1 1 1 1 1 1 1 1 1 1 1 
4 032006372 严妮 1 1 1 1 1 1 1 1 1 1 1 1 1 1 1 1 1 1 1 1 
4 032006428 方慧林 1 1 1 1 1 1 1 1 1 1 1 1 1 1 1 1 1 1 1 1 
4 032006441 方剑伟 1 1 1 1 1 1 1 1 1 1 1 1 1 1 1 1 1 1 1 1 
4 032006390 马童欣 1 1 1 1 1 1 1 1 1 1 1 1 1 1 0 1 1 1 1 1 
4 032006415 孙桂兰 1 1 1 1 1 1 1 1 1 1 1 1 1 1 1 1 1 0 1 1 
4 032006392 赵曜 1 1 1 1 0 1 1 1 1 1 1 1 1 1 1 1 1 1 1 1 
4 032006435 严佩衣 1 1 1 1 1 1 1 1 1 1 1 1 1 1 1 1 1 1 1 1 
4 032006427 赵莉 1 1 1 1 1 1 1 1 1 1 1 1 1 1 1 1 1 1 1 1 
4 032006456 赵一璇 1 1 1 1 1 1 1 1 1 1 1 1 1 1 1 1 1 1 1 1 
4 032006414 马艺珊 1 1 1 1 1 1 1 1 1 1 1 1 1 1 1 1 1 1 1 1 
4 032006448 严小菱 1 1 1 1 1 1 1 1 0 1 1 1 1 1 1 1 1 1 1 1 
4 032006403 李旭阳 1 1 1 1 1 1 1 1 1 1 1 1 1 1 1 1 1 1 1 1 
4 032006460 马彦 1 1 1 1 1 1 1 1 1 1 1 1 1 1 1 1 1 1 1 1 
4 032006378 孙神泽 1 1 1 1 1 1 1 1 1 1 1 1 1 1 1 1 1 1 1 1 
4 032006412 孙荥珲 1 1 1 1 1 1 1 1 1 1 1 1 1 1 1 1 1 1 1 1 
4 032006442 赵杰 1 1 1 1 1 0 1 1 1 1 1 1 1 1 1 1 1 1 1 1 
4 032006418 赵玉江 1 1 1 1 1 1 1 1 1 1 1 1 1 1 1 1 1 1 1 1 
4 032006379 赵秋萍 1 1 1 1 1 1 1 1 1 1 1 1 1 1 1 1 1 1 1 1 
4 032006393 严可玲 1 1 1 1 1 1 1 1 1 1 1 1 1 0 1 1 1 1 1 1 
4 032006413 李梓发 1 1 1 1 1 1 1 1 1 1 1 1 1 1 1 1 1 1 0 1 
4 032006402 赵煜婷 1 1 1 1 1 1 1 1 1 1 1 1 1 1 1 1 1 1 1 1 
4 032006399 张恬宁 1 1 1 1 0 1 1 1 1 1 1 1 1 1 1 1 1 1 1 1 
4 032006425 李诗逸 1 1 1 1 1 1 1 1 1 1 1 1 1 1 1 1 1 1 1 1 
4 032006424 严丽琴 1 1 1 1 1 1 1 1 1 1 1 1 1 1 1 0 1 1 1 1 
4 032006406 孙相钱 0 1 1 1 1 1 1 1 1 1 1 1 1 1 1 1 1 1 1 1 
4 032006450 张梓桐 1 1 1 1 1 1 1 1 1 1 1 1 1 1 1 1 1 1 1 1 
4 032006420 孙利强 1 1 1 1 1 1 1 1 1 1 1 1 1 1 0 1 1 1 1 1 
5 032006511 严凡 0 0 0 1 0 0 0 0 1 0 0 1 0 0 0 1 0 0 0 0 
5 032006500 张思远 0 0 1 0 0 0 0 0 0 0 1 0 1 0 0 0 0 0 0 1 
5 032006538 李金玉 1 1 1 0 0 0 0 1 0 0 0 0 0 0 0 0 0 0 0 0 
5 032006471 孙越洲 0 0 1 0 0 0 0 1 0 0 0 0 1 1 0 0 0 0 0 0 
5 032006529 严丹菱 0 0 0 0 0 1 0 1 1 1 0 0 0 0 0 0 0 0 0 0 
5 032006493 孙雪冰 0 1 0 1 0 0 0 0 0 0 0 0 0 1 0 0 0 1 0 0 
5 032006468 张岩 1 1 1 1 1 1 0 1 1 1 1 1 1 1 1 1 1 1 1 1 
5 032006489 张希红 1 1 1 1 1 1 1 1 1 1 1 1 1 1 1 1 1 1 1 1 
5 032006499 孙银靖 1 1 1 1 1 1 1 1 1 1 1 1 1 1 1 1 1 1 1 1 
5 032006543 孙颖星 0 1 1 1 1 1 0 1 1 1 1 1 1 1 1 1 1 1 1 1 
5 032006537 张瀚为 1 1 1 1 1 1 1 1 1 1 1 1 1 1 1 1 1 1 1 1 
5 032006541 马青 1 1 1 1 1 1 1 1 1 1 1 1 1 1 1 1 1 1 1 1 
5 032006546 张伟洁 0 1 1 1 1 1 1 1 1 1 1 1 1 1 1 1 1 1 1 1 
5 032006513 张圃 1 1 1 1 1 1 1 1 1 1 1 1 1 1 1 1 1 1 1 1 
5 032006462 赵淑敏 1 1 1 1 1 1 1 1 1 1 1 1 1 1 1 1 1 1 1 1 
5 032006472 张祺康 1 1 1 1 1 1 1 1 1 1 1 1 1 1 1 1 1 1 1 1 
5 032006525 严可童 1 1 1 1 1 1 1 0 1 1 1 1 1 1 1 1 1 1 1 1 
5 032006475 赵英杰 1 1 1 1 1 1 1 1 1 1 1 1 1 1 1 1 0 1 1 1 
5 032006488 马怡灵 1 1 1 1 1 1 1 1 1 1 0 1 1 1 1 1 1 1 1 1 
5 032006497 张兮然 1 1 1 1 1 1 1 1 1 1 1 1 1 1 1 1 1 1 1 1 
5 032006549 李洪波 1 1 1 1 1 1 1 1 1 1 1 1 1 1 1 1 1 1 1 1 
5 032006544 马薇茜 1 1 1 1 1 1 1 1 1 1 1 1 1 1 1 1 1 1 1 1 
5 032006465 方韵潜 1 1 1 1 1 1 1 1 1 1 1 1 1 1 1 1 1 1 1 1 
5 032006524 孙粤 1 1 1 1 1 1 1 1 1 1 1 1 0 1 1 1 1 1 1 1 
5 032006498 严竣霖 1 1 1 1 1 1 1 1 1 1 1 1 1 1 1 1 1 1 1 1 
5 032006519 张晓洋 1 1 1 1 1 1 1 1 1 1 1 1 1 1 1 1 1 1 1 1 
5 032006469 严晨光 1 1 1 1 1 1 1 1 1 1 0 1 1 1 1 1 1 1 1 1 
5 032006501 张旭菲 1 1 1 1 1 1 1 1 1 1 1 1 1 1 1 1 1 1 1 1 
5 032006532 张雨生 1 1 1 1 1 1 1 1 1 1 1 1 1 1 1 1 1 1 1 1 
5 032006528 方瑜 1 1 1 1 1 1 1 1 1 1 1 1 1 1 1 1 1 1 1 1 
5 032006520 严小谦 1 1 1 1 1 1 1 1 1 1 1 1 1 1 1 1 1 1 1 1 
5 032006484 李昊燃 1 1 1 1 1 1 1 1 1 1 1 1 1 1 1 1 1 1 1 1 
5 032006470 赵文杰 1 1 1 1 1 1 1 1 1 1 1 1 1 1 1 1 1 1 1 1 
5 032006490 孙昱 1 1 1 1 1 1 1 1 1 1 1 1 1 1 1 1 1 1 1 1 
5 032006473 孙仲慕 1 1 1 1 1 1 1 1 1 1 1 1 1 1 1 1 1 1 1 1 
5 032006481 严丹语 1 1 1 1 1 1 1 1 1 1 1 1 1 1 1 1 0 1 1 1 
5 032006515 张一勤 1 1 1 1 1 1 1 1 1 1 1 1 1 1 1 1 1 1 1 1 
5 032006507 张华 1 1 1 1 1 1 1 1 1 1 1 1 1 1 1 1 1 1 1 1 
5 032006518 方凯 1 1 1 1 1 1 1 0 1 1 1 1 1 1 1 1 1 1 1 1 
5 032006509 赵英博 1 1 1 1 1 1 1 1 1 1 1 1 1 1 1 1 1 1 1 1 
5 032006547 赵珊珊 1 1 1 1 1 1 1 1 0 1 1 1 1 1 1 1 1 1 1 1 
5 032006527 马艺冉 1 1 1 1 1 1 1 1 1 1 1 1 1 1 1 1 1 1 1 1 
5 032006514 严仕华 1 1 1 1 1 1 1 1 1 1 1 1 1 1 1 1 1 1 1 1 
5 032006531 孙佚宏 1 1 1 1 1 1 1 1 1 1 1 1 1 1 1 1 1 1 1 1 
5 032006539 严庆红 1 1 1 1 1 1 1 1 1 1 1 1 1 1 1 1 1 1 1 1 
5 032006476 孙凯航 1 1 1 1 1 1 1 1 1 1 1 1 1 1 1 1 1 1 1 1 
5 032006516 马溪远 1 1 1 1 1 1 1 1 1 1 1 1 1 1 1 1 1 1 1 1 
5 032006467 严汪蔚 1 1 1 1 1 1 1 1 1 1 1 1 1 1 1 1 1 1 1 1 
5 032006536 严国欣 1 1 1 1 1 1 1 1 1 1 1 1 1 1 1 1 1 1 1 1 
5 032006482 严欣兰 1 1 1 1 1 1 1 1 1 1 1 1 1 1 0 1 1 1 1 1 
5 032006492 方毅龙 1 1 1 1 1 1 1 1 1 1 1 1 1 1 1 1 1 1 1 1 
5 032006505 孙翔鸣 1 1 1 1 1 1 1 1 1 1 1 1 1 1 1 1 1 1 1 1 
5 032006503 严榕 1 1 1 1 1 1 1 1 1 0 1 1 1 1 1 1 1 1 1 1 
5 032006506 赵祥龙 1 1 1 1 1 1 1 1 1 1 1 1 1 1 1 1 1 1 1 1 
5 032006540 孙王 1 1 1 1 1 1 1 1 1 1 1 1 1 0 0 1 1 1 1 1 
5 032006517 赵鑫淼 1 1 1 1 1 1 1 1 1 1 1 1 1 1 1 1 1 1 1 1 
5 032006530 方佳旋 1 1 1 1 1 1 1 1 1 1 1 1 1 1 1 1 1 1 1 1 
5 032006483 方诗雅 1 1 1 1 1 1 1 1 1 1 1 1 1 1 1 1 1 1 1 1 
5 032006485 张艳婷 1 1 1 1 1 1 1 1 1 1 1 1 1 1 1 1 1 1 1 0 
5 032006526 孙维楠 1 1 1 1 1 1 0 1 1 1 1 1 1 0 1 1 1 0 1 1 
5 032006533 孙空次 1 1 1 1 1 1 1 1 0 1 1 1 1 1 1 1 1 1 1 1 
5 032006521 严宝林 1 1 1 1 1 1 1 1 1 1 0 1 1 1 1 1 1 1 1 1 
5 032006504 赵思恬 1 1 1 1 1 1 1 1 1 1 1 1 1 1 1 1 1 1 0 1 
5 032006522 严彩铃 1 0 1 1 1 1 1 1 1 1 1 1 1 1 1 1 1 1 1 1 
5 032006548 李俊辉 1 0 1 1 1 0 1 1 1 1 1 1 1 1 1 1 1 1 1 1 
5 032006545 孙秀实 1 1 1 1 1 0 1 1 1 1 1 1 1 1 1 1 1 1 1 1 
5 032006534 赵思媛 1 1 1 1 1 1 1 1 1 1 1 1 1 1 1 1 1 1 1 1 
5 032006508 张君凯 0 0 1 1 1 1 1 1 1 1 1 1 1 1 1 1 1 1 1 1 
5 032006523 孙葵阳 1 1 1 1 1 1 1 0 1 1 1 1 0 1 1 1 1 1 1 1 
5 032006466 严稀 1 1 1 0 1 1 1 1 1 1 1 1 1 1 1 1 1 1 1 1 
5 032006491 严斓馨 1 1 1 1 1 1 1 1 1 1 1 1 1 1 1 1 1 1 1 1 
5 032006512 马键豪 1 1 1 1 1 1 1 1 1 1 1 1 1 1 1 1 1 1 1 1 
5 032006494 孙聿凯 1 1 1 1 1 1 1 1 1 1 1 1 1 1 1 1 1 1 1 1 
5 032006496 马国新 1 1 1 1 1 1 1 1 1 1 1 1 1 1 1 1 1 1 1 1 
5 032006535 张再赫 1 1 1 1 1 1 1 1 1 1 1 1 1 1 1 1 1 1 1 1 
5 032006480 赵来景 1 1 1 1 1 1 1 1 1 1 1 0 1 1 1 1 1 1 1 1 
5 032006479 张毅 1 1 1 1 1 1 1 1 1 1 1 1 1 1 1 1 1 1 1 1 
5 032006487 张帆 1 1 1 1 1 1 1 1 1 1 1 1 1 1 1 1 1 1 0 1 
5 032006478 方皓铭 1 1 1 1 1 1 1 1 1 1 1 1 1 1 1 1 1 1 1 1 
5 032006495 张宏宇 1 1 1 1 1 1 1 1 1 1 1 1 1 1 1 1 1 1 1 1 
5 032006510 严九香 1 1 1 1 1 1 1 1 1 1 1 1 1 1 0 1 1 1 1 1 
5 032006542 李青 1 1 1 1 1 1 1 1 1 1 1 1 0 1 1 1 1 1 1 1 
5 032006477 孙上喜 1 1 1 1 1 1 1 1 1 1 1 1 1 1 1 1 1 1 1 1 
5 032006502 严束彤 1 1 1 1 1 1 1 1 1 1 1 1 1 1 1 1 1 1 1 1 
5 032006486 赵山川 1 1 1 1 1 1 1 1 1 1 1 1 1 1 1 1 1 1 1 1 
5 032006463 方诗睿 1 1 1 1 1 1 1 1 1 1 1 1 1 1 1 1 1 1 1 1 
5 032006461 孙竟然 1 1 1 1 1 1 1 1 1 1 1 1 1 1 1 1 1 1 1 1 
5 032006550 孙净珂 1 1 1 1 1 1 1 1 1 1 1 1 1 1 1 1 1 1 1 1 
5 032006464 方昭为 1 1 1 1 1 1 1 1 1 1 1 1 1 0 1 1 1 1 1 1 
5 032006474 严楷 1 1 1 1 1 1 1 1 1 1 1 1 1 1 1 1 0 1 1 1 
